[[1], 
[2], 
[3], 
[4], 
[5], 
[6], 
[7], 
[8], 
[9], 
[10], 
[11], 
[12], 
[13], 
[14], 
[15], 
[16], 
[17], 
[18], 
[19], 
[20], 
[21], 
[22], 
[23], 
[24], 
[25], 
[26], 
[27], 
[28], 
[29], 
[30], 
[31], 
[32], 
[33], 
[34], 
[35], 
[36], 
[37], 
[38], 
[39], 
[40], 
[41], 
[42], 
[43], 
[44], 
[45], 
[46], 
[47], 
[48], 
[49], 
[50], 
[51], 
[52], 
[53], 
[54], 
[55], 
[56], 
[57], 
[58], 
[12, 44 ],
[7, 48 ],
[15, 29 ],
[13, 38 ],
[14, 17 ],
[10, 30 ],
[5, 39 ],
[22, 34 ],
[11, 42 ],
[16, 26 ],
[41, 51 ],
[33, 50 ],
[18, 31 ],
[24, 35 ],
[9, 46 ],
[1, 49 ],
[3, 43 ],
[6, 28 ],
[32, 45 ],
[8, 20 ],
[23, 40 ],
[4, 47 ],
[27, 14, 17 ],
[2, 7, 48 ],
[21, 18, 31 ],
[19, 5, 39 ],
[6, 28, 21, 18, 31 ],
[25, 27, 14, 17 ],
[13, 38, 22, 34 ],
[36, 4, 47 ],
[8, 20, 23, 40 ],
[52, 57 ],
[37, 33, 50 ],
[53, 58 ],
[10, 30, 8, 20, 23, 40 ],
[32, 45, 2, 7, 48 ],
[56, 52, 57 ],
[12, 44, 1, 49 ],
[24, 35, 10, 30, 8, 20, 23, 40 ],
[9, 46, 32, 45, 2, 7, 48 ],
[19, 5, 39, 24, 35, 10, 30, 8, 20, 23, 40 ],
[55, 56, 52, 57 ],
[15, 29, 25, 27, 14, 17 ],
[11, 42, 9, 46, 32, 45, 2, 7, 48 ],
[3, 43, 37, 33, 50 ],
[36, 4, 47, 11, 42, 9, 46, 32, 45, 2, 7, 48 ],
[53, 58, 55, 56, 52, 57 ],
[12, 44, 1, 49, 3, 43, 37, 33, 50 ],
[16, 26, 15, 29, 25, 27, 14, 17 ],
[13, 38, 22, 34, 19, 5, 39, 24, 35, 10, 30, 8, 20, 23, 40 ],
[54, 53, 58, 55, 56, 52, 57 ],
[36, 4, 47, 11, 42, 9, 46, 32, 45, 2, 7, 48, 12, 44, 1, 49, 3, 43, 37, 33, 50 ],
[41, 51, 54, 53, 58, 55, 56, 52, 57 ],
[6, 28, 21, 18, 31, 16, 26, 15, 29, 25, 27, 14, 17 ],
[13, 38, 22, 34, 19, 5, 39, 24, 35, 10, 30, 8, 20, 23, 40, 36, 4, 47, 11, 42, 9, 46, 32, 45, 2, 7, 48, 12, 44, 1, 49, 3, 43, 37, 33, 50 ],
[41, 51, 54, 53, 58, 55, 56, 52, 57, 13, 38, 22, 34, 19, 5, 39, 24, 35, 10, 30, 8, 20, 23, 40, 36, 4, 47, 11, 42, 9, 46, 32, 45, 2, 7, 48, 12, 44, 1, 49, 3, 43, 37, 33, 50 ],
[6, 28, 21, 18, 31, 16, 26, 15, 29, 25, 27, 14, 17, 41, 51, 54, 53, 58, 55, 56, 52, 57, 13, 38, 22, 34, 19, 5, 39, 24, 35, 10, 30, 8, 20, 23, 40, 36, 4, 47, 11, 42, 9, 46, 32, 45, 2, 7, 48, 12, 44, 1, 49, 3, 43, 37, 33, 50 ]
]