[[1], 
[2], 
[3], 
[4], 
[5], 
[6], 
[7], 
[8], 
[9], 
[10], 
[11], 
[12], 
[13], 
[14], 
[15], 
[16], 
[17], 
[18], 
[19], 
[20], 
[21], 
[22], 
[23], 
[24], 
[25], 
[26], 
[27], 
[28], 
[29], 
[1, 18 ],
[11, 16 ],
[5, 6 ],
[2, 22 ],
[10, 12 ],
[3, 13 ],
[23, 25 ],
[9, 14 ],
[21, 1, 18 ],
[26, 28 ],
[19, 2, 22 ],
[15, 11, 16 ],
[20, 24 ],
[4, 29 ],
[8, 10, 12 ],
[5, 6, 3, 13 ],
[23, 25, 19, 2, 22 ],
[27, 26, 28 ],
[7, 5, 6, 3, 13 ],
[17, 15, 11, 16 ],
[9, 14, 8, 10, 12 ],
[21, 1, 18, 4, 29 ],
[7, 5, 6, 3, 13, 21, 1, 18, 4, 29 ],
[20, 24, 23, 25, 19, 2, 22 ],
[17, 15, 11, 16, 9, 14, 8, 10, 12 ],
[7, 5, 6, 3, 13, 21, 1, 18, 4, 29, 20, 24, 23, 25, 19, 2, 22 ],
[27, 26, 28, 7, 5, 6, 3, 13, 21, 1, 18, 4, 29, 20, 24, 23, 25, 19, 2, 22 ],
[17, 15, 11, 16, 9, 14, 8, 10, 12, 27, 26, 28, 7, 5, 6, 3, 13, 21, 1, 18, 4, 29, 20, 24, 23, 25, 19, 2, 22 ]
]