0001.png 116 146 134 105 149 147 158 147 173 147 166 129 
0002.png 116 145 133 106 150 146 157 147 173 147 166 130 
0003.png 116 145 133 106 150 146 157 147 173 147 166 130 
0004.png 116 145 133 106 150 146 158 146 173 147 166 130 
0005.png 116 145 133 106 150 146 158 146 173 147 166 130 
0006.png 116 145 133 106 150 146 158 146 173 147 166 130 
0007.png 116 145 133 106 150 146 158 146 173 147 166 130 
0008.png 116 145 133 106 150 146 158 146 173 147 166 130 
0009.png 116 145 133 106 150 146 158 146 173 147 166 130 
0010.png 150 110 112 137 141 154 158 146 173 147 166 130 
0011.png 150 110 112 137 141 154 158 146 173 147 166 130 
0012.png 158 122 107 132 123 157 158 146 173 147 166 130 
0013.png 158 122 107 132 123 157 158 146 173 147 166 130 
0014.png 158 122 107 132 123 157 158 146 173 147 166 129 
0015.png 158 122 107 132 123 157 158 146 166 129 173 147 
0016.png 158 122 123 157 107 132 158 146 166 130 173 147 
0017.png 158 122 123 157 107 132 158 146 166 130 173 147 
0018.png 158 122 123 157 107 132 167 124 158 141 173 141 
0019.png 158 122 123 157 107 132 167 124 158 141 173 141 
0020.png 158 122 123 157 107 132 166 130 158 146 175 147 
0021.png 158 122 123 157 107 132 166 130 158 146 175 147 
0022.png 158 122 123 157 107 132 166 123 158 141 174 139 
0023.png 158 122 123 157 107 132 166 128 175 144 159 144 
0024.png 158 122 123 157 107 132 166 128 175 144 159 144 
0025.png 156 108 149 151 120 135 166 128 175 144 159 144 
0026.png 156 108 120 135 149 151 166 128 175 144 159 144 
0027.png 122 143 156 144 137 102 166 128 175 144 160 144 
0028.png 122 143 156 144 137 102 166 128 175 144 160 144 
0029.png 122 143 156 144 137 102 166 128 175 144 160 144 
0030.png 122 143 156 144 137 102 160 144 175 144 166 132 
0031.png 122 143 156 144 137 102 166 132 174 144 160 144 
0032.png 137 102 156 144 122 143 156 123 174 134 159 141 
0033.png 137 102 156 144 122 143 166 127 154 134 148 115 
0034.png 137 102 156 144 122 143 166 127 154 134 148 115 
0035.png 137 102 156 144 122 143 166 127 154 134 148 115 
0036.png 137 102 156 144 122 143 166 127 154 134 148 115 
0037.png 150 103 111 134 139 149 149 115 152 135 166 127 
0038.png 151 112 116 147 100 119 154 132 166 127 146 113 
0039.png 151 112 116 147 100 119 154 132 166 127 146 113 
0040.png 151 112 116 147 100 119 152 133 166 127 149 115 
0041.png 151 112 116 147 100 119 152 133 166 127 149 115 
0042.png 147 114 102 99 102 130 149 115 166 127 152 133 
0043.png 147 114 102 99 102 130 149 115 166 127 152 133 
0044.png 147 114 102 99 102 130 149 115 166 127 152 133 
0045.png 152 118 102 110 118 84 167 131 154 135 147 115 
0046.png 152 118 102 110 118 84 167 131 147 115 154 135 
0047.png 152 118 102 110 118 84 167 131 154 135 147 115 
0048.png 152 125 141 83 112 97 152 125 170 138 156 144 
0049.png 152 125 141 83 112 97 152 125 170 138 156 144 
0050.png 152 125 142 83 112 97 152 126 170 138 156 144 
0051.png 154 132 117 103 145 90 153 131 172 146 159 151 
0052.png 154 132 117 103 145 90 153 131 172 146 159 151 
0053.png 153 129 170 90 136 88 153 129 161 153 143 151 
0054.png 153 129 170 90 136 88 153 129 161 153 143 151 
0055.png 153 129 170 90 136 88 153 129 161 153 143 151 
0056.png 147 129 156 87 184 101 128 144 142 153 149 128 
0057.png 147 129 156 87 184 101 128 144 142 153 149 128 
0058.png 147 129 156 87 184 101 128 144 142 153 149 128 
0059.png 147 129 156 87 184 101 128 144 142 153 149 128 
0060.png 142 133 175 99 191 125 118 138 126 151 142 133 
0061.png 142 133 175 99 191 125 118 138 126 150 142 133 
0062.png 142 133 175 99 191 125 118 138 126 151 142 133 
0063.png 143 132 191 115 190 145 119 124 118 140 141 131 
0064.png 143 132 191 115 190 145 119 124 118 140 141 131 
0065.png 143 132 191 115 190 145 119 124 118 140 141 131 
0066.png 144 132 174 165 192 139 144 132 117 127 126 113 
0067.png 144 132 174 165 192 139 144 132 117 127 126 113 
0068.png 144 132 174 165 192 139 144 132 117 127 126 113 
0069.png 144 132 174 165 192 139 144 132 117 127 126 113 
0070.png 145 132 152 174 181 159 143 132 117 127 126 113 
0071.png 139 127 154 173 181 159 117 127 143 132 126 113 
0072.png 139 127 154 173 181 159 117 127 143 132 126 113 
0073.png 153 130 137 170 169 171 162 108 144 108 153 129 
0074.png 153 130 137 170 169 171 162 108 144 108 153 129 
0075.png 153 130 137 170 169 171 162 108 144 108 153 129 
0076.png 151 126 113 152 142 169 151 127 171 112 156 102 
0077.png 151 126 113 152 142 169 151 127 171 112 156 102 
0078.png 151 126 113 152 142 169 151 127 171 112 156 102 
0079.png 154 133 121 169 106 141 152 133 171 115 180 129 
0080.png 154 133 121 169 106 141 152 133 171 115 180 129 
0081.png 154 133 121 169 106 141 152 133 171 115 179 129 
0082.png 154 133 121 169 106 141 152 133 171 115 179 129 
0083.png 151 137 104 123 103 153 150 137 174 129 173 145 
0084.png 151 137 104 123 103 153 150 137 174 129 173 145 
0085.png 151 137 104 123 103 153 150 137 174 129 173 145 
0086.png 151 136 120 102 102 129 151 136 168 155 177 141 
0087.png 151 136 120 102 102 129 151 136 168 155 177 141 
0088.png 151 136 120 102 102 129 151 136 168 155 177 141 
0089.png 148 135 111 106 139 92 148 135 168 150 153 158 
0090.png 148 135 111 106 139 92 148 135 168 150 153 158 
0091.png 148 135 111 106 139 92 148 135 168 150 153 158 
0092.png 148 135 112 107 139 92 148 135 168 150 153 158 
0093.png 157 126 173 84 140 83 158 126 166 147 147 148 
0094.png 157 126 173 84 140 83 165 126 175 147 156 147 
0095.png 157 126 173 84 140 83 165 126 175 147 156 147 
0096.png 157 126 173 84 140 83 165 126 175 147 156 147 
0097.png 157 126 173 84 140 83 165 126 175 147 156 147 
0098.png 157 126 173 84 140 83 164 125 175 147 156 147 
0099.png 159 123 151 81 119 94 164 125 175 147 156 147 
0100.png 159 123 151 81 119 94 164 125 175 147 156 147 
0101.png 159 123 111 114 128 89 164 125 175 147 156 147 
0102.png 159 123 111 114 128 89 164 125 175 147 156 147 
0103.png 165 115 116 103 116 133 164 125 175 147 156 147 
0104.png 170 104 136 140 121 113 164 125 175 147 156 147 
0105.png 170 104 136 140 121 113 164 125 175 147 156 147 
0106.png 156 103 117 130 147 147 164 125 175 147 156 146 
0107.png 122 144 158 146 137 103 173 147 157 147 164 130 
0108.png 122 144 158 146 137 103 173 147 157 147 164 130 
0109.png 121 145 151 144 137 102 177 127 173 146 160 140 
0110.png 121 145 151 144 137 102 177 127 173 146 160 140 
0111.png 121 145 151 144 137 102 180 132 165 145 158 134 
0112.png 121 145 151 144 137 102 180 139 159 133 159 145 
0113.png 121 145 151 144 137 102 180 139 159 133 159 145 
0114.png 121 145 151 144 137 102 179 145 167 133 157 141 
0115.png 121 145 151 144 137 102 179 145 167 132 157 141 
0116.png 121 145 162 144 136 105 166 152 146 132 176 137 
0117.png 137 103 157 144 121 145 166 159 153 140 174 143 
0118.png 137 103 157 144 121 145 166 160 154 140 174 143 
0119.png 136 107 154 144 121 145 165 168 173 150 158 150 
0120.png 136 107 154 144 121 145 165 168 173 150 158 150 
0121.png 137 102 152 146 122 144 156 167 171 155 159 148 
0122.png 137 102 152 146 122 144 149 162 162 148 171 160 
0123.png 137 102 152 146 122 144 149 162 162 148 171 160 
0124.png 136 106 153 146 122 144 142 157 163 151 163 165 
0125.png 136 106 153 146 122 144 142 157 163 151 163 165 
0126.png 137 102 152 146 122 144 136 158 155 151 154 165 
0127.png 121 145 152 146 137 102 126 158 145 165 146 151 
0128.png 121 145 152 146 137 102 126 158 145 165 146 151 
0129.png 137 102 152 146 121 145 114 158 136 164 136 151 
0130.png 137 102 152 146 121 145 114 158 136 164 136 151 
0131.png 157 110 150 152 120 135 118 152 139 156 132 166 
0132.png 174 115 140 148 123 123 112 148 124 162 137 152 
0133.png 174 115 140 148 123 123 112 148 124 162 137 152 
0134.png 182 129 135 113 134 144 119 146 120 166 134 158 
0135.png 182 129 135 113 134 144 119 146 120 166 134 158 
0136.png 197 129 154 114 152 146 113 142 131 155 117 161 
0137.png 217 129 172 113 172 144 108 138 127 151 110 155 
0138.png 217 129 172 113 172 144 108 138 127 151 110 155 
0139.png 235 129 191 113 190 144 106 152 119 145 104 135 
0140.png 256 128 208 144 209 114 99 130 117 140 102 146 
0141.png 256 128 208 144 209 114 99 130 117 140 102 146 
0142.png 274 128 228 114 227 144 95 126 111 137 98 143 
0143.png 274 128 228 114 227 144 95 126 111 137 98 143 
0144.png 292 127 246 144 246 113 103 126 114 142 96 142 
0145.png 303 107 272 142 257 114 112 129 94 140 109 147 
0146.png 303 107 272 142 257 114 112 129 95 139 109 146 
0147.png 306 92 269 124 297 138 118 136 102 149 94 140 
0148.png 306 92 268 123 297 138 118 136 102 149 94 140 
0149.png 299 91 284 132 317 132 122 133 105 149 96 137 
0150.png 300 80 284 123 316 120 115 136 103 150 97 138 
0151.png 300 80 284 123 316 120 118 136 102 149 97 138 
0152.png 300 69 284 115 317 110 117 138 105 151 99 141 
0153.png 300 69 284 115 317 110 117 138 105 151 99 141 
0154.png 300 70 281 114 317 109 117 133 103 148 96 137 
0155.png 300 70 282 111 318 111 118 136 103 149 98 139 
0156.png 300 70 282 111 318 111 118 136 103 149 98 139 
0157.png 285 78 292 121 322 107 116 135 103 149 97 138 
0158.png 285 78 292 121 322 107 116 135 103 149 97 138 
0159.png 268 92 302 125 320 102 118 136 103 150 94 140 
0160.png 264 113 311 127 311 98 119 135 103 149 97 138 
0161.png 264 113 311 127 311 98 119 135 103 149 97 138 
0162.png 264 113 311 98 311 127 117 138 105 151 98 139 
0163.png 264 113 311 98 311 127 117 138 105 151 98 139 
0164.png 264 113 311 127 311 98 117 133 103 148 96 137 
0165.png 264 113 311 127 311 98 118 136 102 149 98 139 
0166.png 264 113 311 127 311 98 118 136 103 149 98 139 
0167.png 263 113 310 129 312 96 118 136 102 149 94 140 
0168.png 263 113 310 129 312 96 118 136 102 149 94 140 
0169.png 263 113 310 129 312 96 118 136 102 149 94 140 
0170.png 264 113 311 127 311 98 116 138 99 153 93 143 
0171.png 264 113 311 127 311 98 116 138 99 153 93 143 
0172.png 264 113 311 127 311 98 115 142 99 155 89 144 
0173.png 261 112 311 127 311 98 115 146 99 159 93 149 
0174.png 261 112 311 127 311 98 115 146 99 159 93 149 
0175.png 264 113 311 127 311 98 114 152 99 166 90 155 
0176.png 264 113 311 127 311 98 114 152 99 166 90 155 
0177.png 264 113 311 127 311 98 114 157 99 171 93 160 
0178.png 243 117 291 130 291 101 117 156 99 170 92 160 
0179.png 243 117 291 130 291 101 117 156 99 170 92 160 
0180.png 226 119 269 134 271 104 117 156 99 170 92 160 
0181.png 226 119 269 134 271 104 114 157 99 171 92 160 
0182.png 204 123 250 138 250 108 125 152 111 165 104 154 
0183.png 187 126 229 139 230 111 132 148 119 161 113 150 
0184.png 187 126 229 139 230 111 132 148 119 161 113 150 
0185.png 171 125 216 140 218 109 143 143 132 156 124 145 
0186.png 171 125 218 109 216 140 143 143 132 156 124 145 
0187.png 171 125 218 109 216 140 155 138 141 152 134 141 
0188.png 171 125 217 140 217 109 162 131 146 144 140 134 
0189.png 171 125 217 140 217 109 162 131 146 144 140 134 
0190.png 171 125 217 140 217 109 167 129 154 143 147 132 
0191.png 171 125 217 140 217 109 167 129 154 143 147 132 
0192.png 171 125 217 140 217 109 167 129 154 143 147 132 
0193.png 171 125 217 140 217 109 167 129 154 143 147 132 
0194.png 171 125 216 140 218 109 167 129 154 143 146 133 
0195.png 171 125 216 140 218 109 167 129 154 143 146 133 
0196.png 171 125 217 140 217 109 167 129 154 143 147 133 
0197.png 171 125 217 140 217 109 167 129 154 143 147 133 
0198.png 182 125 227 140 229 108 169 129 153 142 147 133 
0199.png 182 125 227 140 229 108 169 129 153 142 147 133 
0200.png 188 123 238 139 240 110 160 132 146 146 139 135 
0201.png 199 124 250 139 251 110 147 138 131 152 125 141 
0202.png 199 124 250 139 251 110 147 138 131 152 125 141 
0203.png 216 122 265 137 265 109 136 143 122 157 114 147 
0204.png 216 122 265 137 265 109 136 143 122 157 114 147 
0205.png 202 120 251 104 248 136 135 145 122 157 114 147 
0206.png 191 122 233 136 236 106 133 143 120 154 130 161 
0207.png 191 122 233 136 236 106 133 143 120 154 130 161 
0208.png 173 122 219 105 219 136 136 141 121 153 132 160 
0209.png 173 122 219 105 219 136 136 141 121 153 132 160 
0210.png 156 123 204 137 204 107 136 144 121 154 133 162 
0211.png 152 141 203 132 187 107 139 147 123 159 135 167 
0212.png 152 141 203 132 187 107 139 147 123 159 135 167 
0213.png 156 139 198 123 198 154 138 148 135 167 123 159 
0214.png 156 139 198 123 198 154 138 148 135 167 123 159 
0215.png 143 138 177 171 194 148 139 147 123 159 135 167 
0216.png 139 144 170 176 188 151 127 159 143 142 137 165 
0217.png 139 144 170 176 188 151 127 159 143 142 137 165 
0218.png 140 144 171 175 188 151 138 165 143 142 125 161 
0219.png 140 144 171 175 188 151 138 165 143 142 125 161 
0220.png 140 144 171 175 188 151 138 165 143 142 125 161 
0221.png 140 144 171 175 188 151 138 165 143 142 125 161 
0222.png 140 144 171 175 188 151 138 165 143 142 125 161 
0223.png 140 144 171 175 188 151 138 165 143 142 125 161 
0224.png 140 144 171 175 188 151 138 165 143 142 125 161 
0225.png 140 144 171 175 188 151 138 165 143 142 125 161 
0226.png 139 144 170 176 188 151 127 159 141 143 138 165 
0227.png 140 144 171 175 188 151 125 161 143 142 138 165 
0228.png 140 144 171 175 188 151 125 161 143 142 138 165 
0229.png 150 128 188 155 158 171 141 147 138 166 126 157 
0230.png 150 128 189 156 158 169 141 147 126 157 138 166 
0231.png 167 126 184 169 149 167 141 146 125 157 138 166 
0232.png 167 126 183 168 150 164 141 146 125 157 138 166 
0233.png 187 129 180 171 150 155 141 146 125 157 138 166 
0234.png 193 121 185 164 156 152 157 149 143 162 135 153 
0235.png 193 121 185 164 156 152 157 149 143 162 135 153 
0236.png 202 118 191 164 156 151 157 149 143 162 135 153 
0237.png 202 118 191 164 156 151 157 149 143 162 135 153 
0238.png 202 118 191 164 156 151 157 149 143 162 135 153 
0239.png 210 117 198 160 157 146 138 148 143 158 156 145 
0240.png 210 117 198 160 157 146 138 148 143 158 156 145 
0241.png 210 117 198 160 157 146 138 148 143 158 156 145 
0242.png 210 118 198 160 154 145 137 148 159 143 144 157 
0243.png 217 108 202 155 156 139 138 141 146 151 160 137 
0244.png 217 108 202 155 156 139 138 141 146 151 160 137 
0245.png 217 108 202 155 156 139 138 141 146 151 160 137 
0246.png 159 133 211 147 231 108 158 132 145 144 139 135 
0247.png 159 133 211 147 231 108 158 132 145 144 139 135 
0248.png 159 133 211 147 231 108 158 132 145 144 139 135 
0249.png 247 77 208 106 237 121 134 142 122 154 116 145 
0250.png 245 78 209 106 238 121 134 142 122 154 116 145 
0251.png 245 78 209 106 238 121 134 142 122 154 116 145 
0252.png 245 78 209 106 238 121 134 142 122 154 116 145 
0253.png 245 78 209 106 238 121 134 142 122 154 116 145 
0254.png 261 89 230 123 213 97 134 142 122 154 116 145 
0255.png 261 89 230 123 213 97 134 142 122 154 116 145 
0256.png 260 105 213 90 212 120 134 142 122 154 116 145 
0257.png 258 122 210 116 227 90 134 142 122 154 115 144 
0258.png 258 122 210 116 227 90 134 142 122 154 115 144 
0259.png 248 127 211 99 241 83 134 142 122 154 116 145 
0260.png 248 127 211 99 241 83 134 142 122 154 116 145 
0261.png 231 132 245 90 214 89 134 142 122 154 116 145 
0262.png 211 132 247 104 219 88 134 142 122 154 116 145 
0263.png 211 132 247 104 219 88 134 142 122 154 116 145 
0264.png 198 127 230 92 245 117 135 141 122 154 116 146 
0265.png 198 127 230 92 245 117 135 141 122 154 116 146 
0266.png 189 131 240 121 223 95 134 142 122 154 116 145 
0267.png 191 131 223 97 239 122 134 142 122 154 116 145 
0268.png 191 131 223 97 239 122 134 142 122 154 116 145 
0269.png 187 129 220 94 235 118 135 141 122 154 116 146 
0270.png 187 129 220 94 235 118 135 141 122 154 116 146 
0271.png 181 133 217 97 232 123 135 142 123 155 116 145 
0272.png 185 132 216 98 230 124 135 142 123 156 116 145 
0273.png 185 132 216 98 230 124 135 142 123 156 116 145 
0274.png 180 133 231 123 215 97 134 142 122 154 116 145 
0275.png 180 133 231 123 215 97 134 142 122 154 116 145 
0276.png 180 133 212 98 227 125 134 142 122 154 116 145 
0277.png 178 134 212 98 226 123 136 144 123 157 116 149 
0278.png 178 134 212 98 226 123 136 144 123 157 116 149 
0279.png 180 132 212 98 227 126 134 138 114 141 121 150 
0280.png 180 132 212 98 227 126 134 138 114 141 121 150 
0281.png 179 133 212 98 227 124 132 144 121 156 114 146 
0282.png 180 133 212 98 227 125 133 135 118 148 111 137 
0283.png 180 133 212 98 227 125 133 135 118 148 111 137 
0284.png 179 134 212 98 226 124 127 145 113 159 107 149 
0285.png 179 134 212 98 226 124 127 145 113 159 107 149 
0286.png 178 134 212 98 226 123 127 148 113 160 107 152 
0287.png 178 135 212 98 226 123 127 149 114 162 108 151 
0288.png 178 135 212 98 226 123 127 149 114 162 108 151 
0289.png 179 134 212 98 226 124 125 147 113 159 108 151 
0290.png 178 135 211 99 227 123 128 149 115 164 109 153 
0291.png 178 135 211 99 227 123 128 149 115 164 109 153 
0292.png 178 134 211 99 228 123 127 149 114 161 108 150 
0293.png 178 134 211 99 228 123 127 149 114 161 108 150 
0294.png 180 133 211 99 229 124 129 151 116 164 110 154 
0295.png 178 135 211 99 227 123 130 150 116 161 111 153 
0296.png 178 135 211 99 227 123 130 150 116 161 111 153 
0297.png 165 140 216 129 201 103 131 148 117 162 111 153 
0298.png 165 140 216 129 201 103 131 148 117 162 111 153 
0299.png 160 141 195 103 210 130 132 148 117 160 110 151 
0300.png 150 143 183 107 197 133 131 148 117 161 111 153 
0301.png 149 144 183 107 197 133 131 148 118 161 111 153 
0302.png 139 141 190 131 173 107 140 144 124 159 117 150 
0303.png 139 141 190 131 173 107 138 146 124 160 118 150 
0304.png 131 134 175 150 176 119 138 146 124 158 118 149 
0305.png 125 132 167 147 168 117 139 149 127 161 119 150 
0306.png 122 131 167 147 168 117 139 149 127 161 119 150 
0307.png 114 128 161 114 160 143 137 147 124 159 118 150 
0308.png 114 128 161 114 160 143 137 147 124 159 118 150 
0309.png 109 145 139 110 156 137 138 146 124 158 118 149 
0310.png 105 153 143 128 114 111 141 148 127 161 120 151 
0311.png 105 153 143 128 114 111 141 148 127 161 120 151 
0312.png 112 155 95 117 127 117 141 147 127 161 121 152 
0313.png 112 155 95 117 127 117 141 147 127 161 121 152 
0314.png 127 117 94 117 112 155 139 150 127 161 120 154 
0315.png 127 117 94 117 112 155 122 153 127 162 140 147 
0316.png 112 155 94 117 127 117 140 147 128 163 122 153 
0317.png 110 158 125 117 91 117 141 148 127 161 120 151 
0318.png 120 157 101 116 135 118 141 146 123 150 130 160 
0319.png 120 157 101 116 135 118 141 146 123 150 130 160 
0320.png 140 117 106 117 123 161 146 146 130 150 136 160 
0321.png 140 117 106 117 123 161 146 146 130 150 136 160 
0322.png 129 157 111 116 146 117 153 144 141 159 136 149 
0323.png 149 117 118 116 134 157 156 145 139 148 145 158 
0324.png 149 117 118 116 134 157 156 145 139 148 145 158 
0325.png 144 160 137 119 108 134 162 143 146 147 147 159 
0326.png 144 160 137 119 108 134 162 143 146 147 147 159 
0327.png 147 160 140 119 111 133 163 143 149 146 150 161 
0328.png 147 160 140 119 111 133 163 143 149 146 150 161 
0329.png 156 158 125 125 107 152 167 142 152 146 156 158 
0330.png 156 158 125 125 107 152 167 142 152 146 156 158 
0331.png 156 158 125 125 107 152 167 142 152 146 156 158 
0332.png 171 156 122 152 139 126 180 142 165 144 170 157 
0333.png 171 156 122 152 139 126 180 142 165 144 170 157 
0334.png 171 156 122 152 139 126 180 142 165 144 170 157 
0335.png 180 157 131 148 145 124 187 138 179 152 171 141 
0336.png 180 157 131 148 145 124 187 138 179 151 170 141 
0337.png 180 157 131 148 145 124 187 138 179 151 170 141 
0338.png 184 153 152 119 135 146 192 135 184 147 176 139 
0339.png 187 153 151 120 135 146 193 135 188 144 178 139 
0340.png 192 151 160 118 143 144 184 138 191 145 202 132 
0341.png 192 151 160 118 143 144 184 138 191 145 202 132 
0342.png 200 149 153 140 169 115 187 129 194 136 205 123 
0343.png 200 149 153 140 169 115 187 129 194 136 205 123 
0344.png 200 149 153 140 169 115 205 123 194 137 188 128 
0345.png 200 149 152 140 169 115 205 123 194 137 188 128 
0346.png 200 149 153 140 169 115 205 123 194 137 188 128 
0347.png 200 149 153 140 169 115 205 123 194 137 188 128 
0348.png 214 146 182 111 167 139 217 122 207 135 200 124 
0349.png 214 146 182 111 167 139 217 122 207 135 200 124 
0350.png 202 130 156 117 155 145 217 122 207 135 200 124 
0351.png 202 130 156 117 155 145 217 122 207 135 200 124 
0352.png 202 130 156 117 155 145 217 122 207 135 200 124 
0353.png 193 131 150 118 149 147 217 122 207 135 202 124 
0354.png 193 131 150 118 149 147 217 122 207 135 202 124 
0355.png 193 131 150 118 149 147 217 122 207 135 202 124 
0356.png 193 131 150 118 149 147 217 122 207 135 202 124 
0357.png 193 131 150 118 149 147 217 122 207 135 202 124 
0358.png 193 131 150 118 149 147 217 122 207 135 202 124 
0359.png 193 131 150 118 149 147 217 122 207 135 202 124 
0360.png 193 131 150 118 149 147 217 122 207 135 202 124 
0361.png 193 131 149 118 150 147 217 122 207 135 202 124 
0362.png 193 131 149 118 148 147 217 122 207 135 202 124 
0363.png 193 131 149 118 148 147 217 122 207 135 202 124 
0364.png 193 131 149 118 148 147 217 122 207 135 202 124 
0365.png 193 131 149 118 148 147 217 122 207 135 202 124 
0366.png 202 130 155 145 156 117 222 121 208 136 200 124 
0367.png 202 130 155 145 156 117 222 121 208 136 200 124 
0368.png 202 130 155 145 156 117 222 121 208 136 200 124 
0369.png 202 130 155 145 156 117 222 121 208 136 200 124 
0370.png 202 130 155 145 156 117 222 121 208 136 200 124 
0371.png 197 131 150 118 148 147 224 121 212 135 204 123 
0372.png 197 131 150 118 148 147 224 121 212 135 204 123 
0373.png 190 131 145 117 144 147 228 118 209 122 215 131 
0374.png 190 131 145 117 144 147 228 118 209 122 215 132 
0375.png 189 131 146 117 145 149 231 117 217 131 212 119 
0376.png 190 131 145 117 144 147 226 119 205 128 206 113 
0377.png 190 131 145 117 144 147 226 119 206 127 205 113 
0378.png 193 132 145 117 144 146 223 130 201 123 208 113 
0379.png 190 131 145 117 144 147 211 133 218 116 203 115 
0380.png 190 131 145 117 144 147 211 133 218 116 203 115 
0381.png 190 131 145 117 144 147 202 134 218 121 204 114 
0382.png 193 132 145 117 144 146 202 132 219 122 205 115 
0383.png 190 131 145 117 144 147 198 127 218 124 212 114 
0384.png 190 131 144 147 145 117 203 134 182 130 203 122 
0385.png 190 131 144 147 145 117 203 134 182 130 203 122 
0386.png 190 131 144 147 145 117 203 134 182 130 203 122 
0387.png 190 131 144 147 145 117 203 134 182 130 203 122 
0388.png 190 131 144 147 145 117 203 134 182 130 203 122 
0389.png 190 131 144 147 145 117 203 134 182 130 203 122 
0390.png 190 131 144 147 145 117 203 134 182 130 203 122 
0391.png 193 132 144 147 145 117 203 123 179 126 203 136 
0392.png 193 132 145 147 146 117 203 123 180 126 203 135 
0393.png 193 132 145 147 146 117 203 123 180 126 203 135 
0394.png 200 130 152 145 153 116 210 122 183 126 210 134 
0395.png 200 130 152 145 153 116 210 122 183 126 210 134 
0396.png 203 129 156 144 156 114 215 121 190 125 213 132 
0397.png 203 129 156 144 156 114 215 121 190 125 213 132 
0398.png 209 128 162 143 162 113 219 132 194 124 220 120 
0399.png 214 126 168 141 168 111 226 118 204 122 225 130 
0400.png 214 126 168 141 168 111 226 118 204 122 225 130 
0401.png 219 125 174 140 176 111 232 128 232 130 226 127 
0402.png 219 125 174 140 176 111 232 128 232 130 226 127 
0403.png 214 123 164 112 164 140 215 123 217 122 220 125 
0404.png 214 123 169 140 169 109 215 123 217 122 220 125 
0405.png 214 123 169 140 169 109 215 123 217 122 220 125 
0406.png 219 121 169 110 169 140 222 121 241 115 240 127 
0407.png 219 125 169 109 169 138 230 121 249 114 247 127 
0408.png 219 125 169 109 169 138 230 121 249 114 247 127 
0409.png 219 125 169 109 169 138 239 120 256 114 256 126 
0410.png 219 125 169 109 169 138 239 120 256 113 256 126 
0411.png 219 125 169 109 169 137 239 120 256 113 256 126 
0412.png 223 117 189 150 173 124 248 119 269 113 267 126 
0413.png 223 117 189 150 173 124 248 119 269 113 267 126 
0414.png 210 105 173 133 202 148 248 119 269 113 267 126 
0415.png 210 105 173 133 202 148 248 119 269 113 267 126 
0416.png 214 106 204 149 176 134 248 122 267 116 267 128 
0417.png 214 106 204 149 176 134 252 119 270 113 269 126 
0418.png 214 106 204 149 176 134 252 119 270 113 269 126 
0419.png 214 106 204 149 176 134 251 122 254 121 259 124 
0420.png 214 106 204 149 176 134 251 122 254 121 259 124 
0421.png 214 106 176 134 204 149 250 124 270 118 268 130 
0422.png 213 106 205 150 176 134 252 123 270 129 271 116 
0423.png 213 106 205 150 176 134 252 123 271 116 270 129 
0424.png 213 106 205 150 176 134 256 121 273 127 275 114 
0425.png 213 106 205 150 176 134 256 121 273 127 275 114 
0426.png 213 106 176 134 205 150 254 122 273 129 274 116 
0428.png 213 106 205 150 176 150 254 122 273 129 274 116 
0429.png 213 106 205 150 176 150 254 122 273 129 274 116 
0430.png 213 106 205 150 176 150 254 122 273 129 274 116 
0431.png 213 106 205 150 176 150 254 122 273 129 274 116 
0432.png 213 106 205 150 176 150 254 122 273 129 274 116 
0433.png 213 106 205 150 176 150 254 122 273 129 274 116 
0434.png 213 106 205 150 176 134 254 121 273 115 273 128 
0435.png 213 106 205 150 176 134 254 121 273 115 273 128 
0436.png 213 106 176 134 205 150 254 121 273 115 273 128 
0437.png 214 106 176 134 204 149 254 121 273 115 273 128 
0438.png 214 106 176 134 204 149 254 121 273 115 273 128 
0439.png 214 106 176 134 204 149 254 121 273 115 273 128 
0440.png 214 106 176 134 204 149 254 121 273 115 273 128 
0441.png 214 106 176 134 204 149 254 121 273 115 273 128 
0442.png 214 106 176 134 204 149 254 121 273 115 273 128 
0443.png 214 106 176 134 204 149 254 121 273 115 273 128 
0444.png 214 106 176 134 204 149 254 121 273 115 273 128 
0445.png 214 106 176 134 204 149 256 114 269 128 276 118 
0446.png 214 106 204 149 176 134 256 114 269 128 276 118 
0447.png 214 106 176 134 204 149 259 109 263 126 274 120 
0448.png 214 106 176 134 204 149 259 109 263 126 274 120 
0449.png 214 106 176 134 204 149 259 109 263 126 274 120 
0450.png 213 106 205 150 176 134 254 99 272 114 259 119 
0451.png 213 106 176 134 205 150 255 102 271 114 258 119 
0452.png 213 106 176 134 205 150 251 95 267 106 254 113 
0453.png 213 106 176 134 205 150 251 95 267 106 254 113 
0454.png 213 106 176 134 205 150 245 85 263 99 252 104 
0455.png 213 106 176 134 205 150 248 86 264 98 251 103 
0456.png 213 106 176 134 205 150 248 86 264 98 251 103 
0457.png 213 106 176 134 205 150 252 102 265 97 248 86 
0458.png 213 106 176 134 205 150 248 86 265 97 252 102 
0459.png 213 106 176 134 205 150 250 85 266 96 253 102 
0460.png 213 106 176 134 205 150 250 83 266 95 254 100 
0461.png 213 106 176 134 205 150 250 83 266 95 254 100 
0462.png 213 108 175 134 205 150 251 82 254 99 266 93 
0463.png 213 108 175 134 205 150 251 82 254 99 266 93 
0464.png 213 106 176 134 205 150 251 81 268 92 254 97 
0465.png 213 108 175 134 205 150 252 80 256 97 269 91 
0466.png 213 108 175 134 205 150 252 80 256 97 269 91 
0467.png 213 108 175 134 205 150 253 78 269 90 257 96 
0468.png 213 108 205 150 175 134 254 79 270 89 257 95 
0469.png 213 108 205 150 175 134 254 79 270 89 257 95 
0470.png 213 108 205 150 175 134 258 76 266 93 251 91 
0471.png 213 108 205 150 175 134 258 76 266 93 251 91 
0472.png 213 108 205 150 175 134 258 76 266 93 251 91 
0473.png 213 108 205 150 175 134 258 76 266 93 251 91 
0474.png 213 108 205 150 175 134 258 76 266 93 251 91 
0475.png 213 106 205 150 176 134 251 87 267 87 258 71 
0476.png 213 106 205 150 176 134 251 87 267 87 258 71 
0477.png 213 106 205 150 176 134 258 64 266 82 252 81 
0478.png 212 110 205 150 173 132 277 71 274 89 262 81 
0479.png 212 110 205 150 173 132 277 71 274 89 262 81 
0480.png 212 110 205 150 173 132 277 71 274 89 262 81 
0481.png 213 109 204 149 173 132 277 69 274 89 261 82 
0482.png 213 109 204 149 173 132 277 69 274 89 261 82 
0483.png 213 107 204 149 173 133 285 64 282 82 269 75 
0484.png 213 107 204 149 173 133 285 64 282 82 269 75 
0485.png 213 107 204 149 173 133 294 58 291 76 279 69 
0486.png 213 107 204 149 173 133 294 58 291 76 279 69 
0487.png 213 107 204 149 175 134 289 56 287 74 274 68 
0488.png 223 113 191 147 175 121 304 52 298 71 288 64 
0489.png 223 113 191 147 175 121 304 52 298 71 288 64 
0490.png 223 113 175 121 191 147 312 63 297 76 291 66 
0491.png 223 113 175 121 191 147 312 63 297 76 291 66 
0492.png 225 112 178 121 193 145 309 75 288 80 288 67 
0493.png 225 112 178 121 193 145 315 74 294 80 296 68 
0494.png 225 112 178 121 193 145 315 74 296 79 295 67 
0495.png 230 109 198 144 182 117 323 73 301 78 302 67 
0496.png 230 109 182 117 198 144 322 73 301 79 302 66 
0497.png 233 106 183 118 198 144 321 87 307 74 300 84 
0498.png 232 108 198 144 182 117 327 91 305 87 313 76 
0499.png 232 108 198 144 182 117 327 91 305 87 313 76 
0500.png 234 109 204 142 188 116 333 98 318 85 311 94 
0501.png 234 109 204 142 188 116 326 114 318 97 333 98 
0502.png 234 109 204 142 188 116 326 114 318 97 333 98 
0503.png 234 109 204 142 188 116 326 114 318 97 333 98 
0504.png 248 128 203 113 202 143 327 120 318 103 332 104 
0505.png 250 129 203 113 202 141 326 126 333 111 318 110 
0506.png 250 129 203 113 202 141 326 126 333 111 318 110 
0507.png 257 128 212 113 213 142 309 140 314 123 327 130 
0508.png 259 127 212 114 213 142 309 140 314 123 327 130 
0509.png 268 128 222 142 222 113 303 147 308 130 318 138 
0510.png 280 129 232 143 233 114 296 158 298 141 312 145 
0511.png 280 129 234 142 233 114 296 158 298 141 312 145 
0512.png 283 151 250 119 233 143 289 168 294 151 306 156 
0513.png 284 155 236 148 253 122 284 176 286 157 298 167 
0514.png 286 155 236 148 253 123 284 176 286 160 300 166 
0515.png 284 162 246 137 275 123 277 184 292 175 280 168 
0516.png 284 162 246 137 275 123 277 184 292 175 280 168 
0517.png 280 173 273 131 244 145 272 188 276 170 287 179 
0518.png 281 174 273 131 244 145 272 191 276 170 288 179 
0519.png 280 173 273 131 244 145 272 191 276 170 288 179 
0520.png 280 173 273 131 244 145 271 189 275 169 287 179 
0521.png 280 173 273 131 244 145 271 189 275 169 287 179 
0522.png 280 173 244 145 273 131 262 189 276 177 282 186 
0523.png 281 174 273 131 244 145 259 187 263 185 270 190 
0524.png 281 174 273 131 244 145 259 187 263 185 270 190 
0525.png 281 174 273 131 244 145 260 182 279 185 271 194 
0526.png 280 173 273 131 244 145 260 182 278 186 271 194 
0527.png 280 173 273 131 244 145 262 179 276 189 265 194 
0528.png 280 173 273 131 244 145 262 185 268 199 255 198 
0529.png 280 173 273 131 244 145 262 185 268 199 255 198 
0530.png 281 174 273 131 244 145 261 178 269 193 256 192 
0531.png 280 173 273 130 244 145 261 178 269 192 256 192 
0532.png 280 173 273 131 244 145 268 174 265 189 253 184 
0533.png 280 173 273 131 244 145 257 179 269 185 274 167 
0534.png 280 173 273 131 244 145 257 179 269 185 274 167 
0535.png 280 173 273 131 244 145 255 178 273 165 267 183 
0536.png 280 173 273 131 244 145 255 178 273 165 267 183 
0537.png 280 173 273 131 244 145 255 178 273 165 267 183 
0538.png 280 173 273 131 244 145 255 178 273 165 267 183 
0539.png 280 173 273 131 244 145 255 178 273 165 267 183 
0540.png 280 173 273 131 244 145 260 180 275 167 270 185 
0541.png 280 173 273 130 244 145 260 180 271 185 274 168 
0542.png 278 169 270 129 237 140 259 179 270 186 274 170 
0543.png 274 169 237 140 266 124 274 169 270 185 260 179 
0544.png 274 169 235 138 266 126 274 169 270 185 260 179 
0545.png 274 170 263 125 234 140 259 179 270 185 274 170 
0546.png 275 169 266 124 238 140 260 180 270 185 275 167 
0547.png 275 169 266 124 238 140 260 180 270 185 275 167 
0548.png 275 169 266 124 238 140 260 180 270 185 275 167 
0549.png 275 169 266 124 238 140 260 180 270 185 275 167 
0550.png 275 169 266 124 238 140 260 180 270 185 275 167 
0551.png 272 160 252 117 286 118 263 186 276 187 270 171 
0552.png 272 160 252 117 286 118 263 186 276 187 270 171 
0553.png 272 160 252 117 286 118 263 186 276 187 270 171 
0554.png 272 160 252 117 286 118 263 187 277 187 269 172 
0555.png 272 160 252 117 286 118 263 186 276 187 270 171 
0556.png 270 166 254 120 285 121 270 168 276 184 263 183 
0557.png 270 166 254 120 285 121 270 168 276 183 263 183 
0558.png 269 165 287 123 253 123 269 166 276 181 262 181 
0559.png 269 165 287 123 253 123 269 166 276 181 262 181 
0560.png 258 162 268 121 296 134 258 162 254 179 243 174 
0561.png 262 158 309 150 295 125 261 159 248 172 241 162 
0562.png 262 158 309 150 295 125 261 159 248 172 241 162 
0563.png 265 153 311 137 310 167 244 147 244 160 264 153 
0564.png 265 153 311 137 310 167 244 147 244 160 264 153 
0565.png 265 142 297 174 314 150 249 128 243 138 267 145 
0566.png 267 130 279 175 308 161 249 129 274 136 256 118 
0567.png 270 132 278 175 308 161 274 136 257 119 250 129 
0568.png 277 135 295 176 262 176 284 118 276 133 270 117 
0569.png 277 135 295 176 262 176 284 118 276 133 270 117 
0570.png 285 138 276 183 248 166 285 138 287 121 300 127 
0571.png 290 148 259 184 245 157 293 148 311 146 304 135 
0572.png 290 148 259 184 244 156 293 148 304 135 310 145 
0573.png 288 163 245 148 243 177 289 163 296 164 292 162 
0574.png 297 174 263 140 247 165 315 176 298 175 309 186 
0575.png 297 174 263 140 247 165 315 176 298 175 309 186 
0576.png 291 171 252 144 282 130 291 169 308 184 295 189 
0577.png 292 172 283 130 252 144 295 189 308 184 291 169 
0578.png 269 165 253 123 287 123 269 166 276 181 262 181 
0579.png 258 162 268 119 294 135 258 162 254 179 243 174 
0580.png 258 162 268 120 296 134 258 162 254 179 243 174 
0581.png 262 158 309 150 295 125 261 159 248 172 241 162 
0582.png 262 158 309 150 295 125 261 159 248 172 241 162 
0583.png 265 153 311 137 310 167 264 153 244 160 244 147 
0584.png 264 142 297 174 314 150 265 143 242 139 249 128 
0585.png 264 142 297 174 314 150 265 143 242 139 249 128 
0586.png 270 132 278 175 308 161 256 118 249 129 274 136 
0587.png 270 132 278 175 308 161 256 118 249 129 274 136 
0588.png 277 135 295 176 262 176 270 117 277 133 283 118 
0589.png 285 138 276 183 248 166 285 138 287 121 300 127 
0590.png 285 138 248 166 276 183 285 138 287 121 300 127 
0591.png 290 148 259 184 245 157 293 148 311 146 304 135 
0592.png 290 148 259 184 245 157 293 148 311 146 304 135 
0593.png 288 163 245 148 243 177 289 163 296 164 292 162 
0594.png 297 174 263 140 247 165 315 176 298 175 309 186 
0595.png 297 174 263 140 247 165 315 176 298 175 309 186 