0035.png 198 181 183 223 215 224 162 187 169 208 154 207 
0036.png 198 178 183 215 216 216 161 181 173 201 152 199 
0037.png 200 174 215 216 183 215 161 181 173 201 152 199 
0038.png 199 170 216 208 182 206 154 191 173 193 160 174 
0039.png 199 161 181 198 214 200 161 164 169 184 153 183 
0040.png 198 158 183 199 214 200 161 164 169 184 153 183 
0041.png 199 149 215 192 182 191 160 156 171 176 153 176 
0042.png 196 147 214 184 182 184 161 147 168 170 152 168 
0043.png 196 147 214 184 182 184 160 148 168 170 152 168 
0044.png 197 135 181 175 213 176 160 140 151 160 169 162 
0045.png 198 126 180 167 213 165 160 130 169 151 152 150 
0046.png 197 125 182 167 213 165 160 130 169 151 152 151 
0047.png 198 118 181 156 214 156 160 121 169 142 151 141 
0048.png 197 109 181 147 215 148 160 112 169 132 151 132 
0049.png 197 106 181 148 215 148 160 111 169 133 151 133 
0050.png 197 99 214 140 181 140 160 102 169 125 150 125 
0051.png 198 92 181 132 215 132 160 94 170 118 151 117 
0052.png 198 92 181 132 215 132 160 94 170 118 151 117 
0053.png 197 83 214 124 181 124 160 85 171 110 151 109 
0055.png 198 76 180 116 214 116 160 78 170 102 151 101 
0056.png 197 67 214 108 181 108 160 70 169 93 151 93 
0057.png 198 61 181 100 215 100 160 64 170 86 151 85 
0058.png 198 61 181 100 215 100 160 64 170 86 151 85 
0059.png 197 51 181 92 215 94 160 53 153 78 170 79 
0060.png 197 45 215 86 181 86 160 50 150 71 170 72 
0061.png 197 45 215 86 181 86 160 50 171 72 150 71 
0062.png 197 39 215 80 182 79 151 64 168 65 161 41 
0063.png 197 33 215 74 180 73 161 35 168 58 150 58 
0064.png 197 33 215 74 180 73 160 37 168 58 150 58 
0065.png 223 27 214 69 184 57 147 39 167 54 152 62 
0066.png 188 57 218 71 228 25 145 37 166 50 148 57 
0067.png 188 57 218 71 228 25 145 37 166 50 148 57 
0068.png 190 55 221 68 227 26 142 34 163 49 145 56 
0069.png 252 32 218 68 203 42 130 37 156 41 147 54
0070.png 252 32 218 68 203 42 130 37 156 41 147 54
0071.png 256 32 227 61 173 45 128 35 143 51 151 39
0072.png 257 33 227 65 212 38 122 31 148 36 139 48 
0073.png 257 33 227 65 212 38 122 31 148 36 139 48 
0074.png 266 28 233 61 216 34 117 29 143 33 133 46 
0075.png 270 25 239 58 224 34 114 26 138 30 128 43 
0076.png 270 25 224 34 239 58 114 26 128 43 138 30 
0077.png 236 26 236 58 283 42 108 33 132 24 132 40 
0078.png 286 41 240 57 240 27 104 32 127 26 127 39
0079.png 286 41 239 57 241 26 100 33 127 40 128 23 
0080.png 292 41 242 55 245 27 99 33 126 24 125 40 
0081.png 294 40 249 56 248 26 98 32 121 40 122 23 
0082.png 294 40 249 56 248 26 98 32 121 40 122 23 
0083.png 299 40 252 25 253 54 92 32 118 24 119 40 
0084.png 305 39 258 25 258 55 90 33 116 23 115 39 
0085.png 305 39 258 25 258 55 90 33 116 23 115 39 
0086.png 308 39 263 55 262 24 86 32 112 41 112 24 
0087.png 313 55 280 23 262 48 91 43 109 24 117 38 
0088.png 313 55 280 23 262 48 91 43 109 24 117 38 
0089.png 316 55 284 24 266 49 86 45 104 26 113 41 
0090.png 310 64 302 22 273 36 88 55 94 30 109 40 
0091.png 310 65 304 21 273 36 88 55 94 30 109 40 
0092.png 313 68 274 40 305 27 84 61 104 44 90 36 
0093.png 304 76 288 35 321 33 92 67 82 43 101 44 
0094.png 304 76 288 35 321 33 92 67 82 43 101 44 
0095.png 321 39 304 81 287 41 92 74 81 51 100 52 
0096.png 304 87 287 49 320 47 90 83 82 59 99 60 
0097.png 304 87 287 49 320 47 90 83 82 59 99 60 
0098.png 303 95 286 56 319 54 89 94 81 68 99 68 
0099.png 301 104 319 62 286 64 98 79 78 78 90 101 
0100.png 301 104 319 62 286 64 98 79 78 78 90 101 
0101.png 319 68 284 72 301 110 89 110 81 88 99 88 
0102.png 301 120 284 82 318 79 99 100 81 99 89 123 
0103.png 301 120 284 82 318 79 99 100 81 99 89 123 
0104.png 300 128 319 85 284 89 89 131 79 109 98 108 
0105.png 300 139 283 100 316 97 88 141 79 117 99 118 
0106.png 316 97 283 100 300 139 89 140 80 117 99 118 
0107.png 283 108 300 149 315 105 88 149 79 126 98 125 
0108.png 299 157 282 117 316 114 88 155 79 130 97 131 
0109.png 299 157 282 117 316 114 88 155 79 130 97 131 
0110.png 315 122 298 166 281 125 98 138 79 137 89 160 
0111.png 280 133 299 174 314 130 87 169 79 146 98 145 
0112.png 299 174 314 130 280 133 87 169 78 145 98 146 
0113.png 298 182 281 144 314 142 88 177 95 153 78 153 
0114.png 297 190 280 149 314 146 88 185 78 162 97 161 
0115.png 297 190 280 149 314 146 88 185 78 162 97 161 
0116.png 313 157 279 159 297 197 87 195 77 172 97 172 
0117.png 277 197 313 172 283 154 107 189 79 182 88 170 
0118.png 277 197 313 172 283 154 107 189 79 182 88 170 
0119.png 272 204 310 174 281 158 106 191 89 173 78 187 
0120.png 270 205 276 161 307 177 107 195 79 191 90 177 
0121.png 269 206 279 162 307 177 107 195 79 191 90 177 
0122.png 265 209 272 165 302 181 108 198 91 179 80 193 
0123.png 249 202 281 167 298 193 112 200 96 181 85 196 
0124.png 249 202 281 167 298 193 112 200 96 181 85 196 
0125.png 243 203 292 194 277 168 116 201 90 199 101 183 
0126.png 236 185 284 200 283 171 124 192 101 201 100 183 
0127.png 236 185 284 200 283 171 124 192 101 201 100 183 
0128.png 230 185 275 199 277 169 133 191 107 199 107 183 
0129.png 223 185 270 200 269 170 138 191 113 199 112 181 
0130.png 223 185 270 200 269 170 138 191 113 199 112 181 
0131.png 218 184 261 198 262 168 141 190 117 197 118 182 
0132.png 211 185 255 198 257 170 146 190 121 197 123 182 
0133.png 211 185 255 198 257 170 146 190 121 197 123 182 
0134.png 207 185 251 199 253 170 150 189 127 195 126 182 
0135.png 195 182 245 201 246 172 156 189 134 181 133 196 
0136.png 189 183 245 199 246 172 156 189 133 196 134 181 
0137.png 190 184 241 199 242 170 162 187 139 180 139 194 
0138.png 189 184 236 200 238 172 170 186 145 193 145 180 
0140.png 195 169 223 200 240 175 173 178 155 194 147 181 
0141.png 197 154 234 183 205 195 161 171 157 193 140 185 
0142.png 197 154 234 183 205 195 161 171 157 193 140 185 
0143.png 195 152 204 191 234 180 143 190 159 192 152 169
0144.png 189 147 197 185 235 182 144 187 165 188 154 166 
0145.png 189 147 197 185 235 182 144 187 165 188 154 166 
0146.png 183 143 237 187 191 184 157 160 166 180 147 182 
0147.png 180 141 226 174 187 176 153 175 162 153 171 178 
0148.png 180 141 226 174 187 176 153 175 162 153 171 178 
0149.png 176 135 213 163 184 179 165 146 174 172 156 170 
0150.png 173 136 215 165 179 166 157 166 176 169 166 146 
0151.png 173 137 218 164 179 166 156 166 175 168 166 146 
0152.png 172 130 214 161 178 162 157 161 178 165 164 141 
0152.png 172 130 214 161 178 162 157 161 178 165 164 141 
0153.png 163 118 204 149 169 150 168 153 148 150 156 130 
0154.png 163 118 204 149 169 150 168 153 148 150 156 130 
0156.png 158 111 200 140 163 144 142 144 150 124 163 146 
0157.png 158 111 200 140 163 144 142 144 150 124 163 146 
0158.png 157 106 202 143 163 141 148 119 162 143 141 138 
0159.png 152 102 205 139 158 135 137 133 159 140 145 114 
0160.png 152 102 205 139 158 135 137 133 159 140 145 114 
0161.png 151 95 191 129 156 129 157 134 143 109 135 128 
0162.png 148 90 188 122 154 123 154 127 140 105 132 124 
0163.png 148 90 188 122 154 123 154 127 140 105 132 124 
0164.png 142 84 188 117 150 117 149 121 137 98 128 118 
0165.png 142 84 188 117 150 117 149 121 137 98 128 118 
0166.png 142 80 179 106 150 121 134 92 144 113 126 111 
0167.png 142 80 179 106 150 121 134 92 144 113 126 111 
0168.png 135 64 184 99 144 99 142 101 121 99 130 78 
0169.png 135 64 184 99 144 99 142 101 121 99 130 78 
0171.png 129 52 167 81 137 95 123 63 132 88 113 86 
0172.png 129 52 167 81 137 95 123 63 132 88 113 86 
0173.png 125 46 163 74 134 90 119 59 128 82 109 80 
0174.png 122 42 171 77 129 76 115 56 106 76 127 77 
0175.png 122 42 160 69 131 85 117 52 124 76 106 76 
0176.png 109 44 131 68 164 51 132 70 110 76 106 56 
0177.png 102 41 136 72 155 47 102 52 106 74 125 66 
0178.png 102 41 136 72 155 47 102 52 106 74 125 66 
0179.png 99 36 122 60 157 44 122 62 101 69 96 46 
0180.png 93 31 144 39 126 64 92 43 96 66 115 58 
0181.png 93 31 126 64 143 39 93 45 96 66 115 57 
0182.png 87 40 131 56 130 27 89 52 106 69 116 54 
0183.png 79 39 125 52 124 23 83 50 99 68 109 52 
0184.png 79 39 125 52 124 23 83 50 99 68 109 52 
0185.png 72 35 119 52 118 20 76 47 92 64 102 49 
0186.png 72 35 126 16 103 44 103 48 89 60 75 47 
0187.png 72 35 126 16 103 44 103 48 89 60 75 47 
0188.png 69 50 101 17 115 43 76 58 100 50 100 66 
0189.png 63 51 95 19 111 43 71 59 95 51 95 67 
0190.png 63 51 95 19 111 43 71 59 95 51 95 67 
0191.png 62 51 89 18 107 44 69 60 90 52 90 67 
0192.png 55 53 102 46 85 20 60 62 85 55 85 68 
0193.png 55 53 102 46 85 20 60 62 85 55 85 68 
0194.png 48 54 80 22 96 47 55 63 79 55 78 71 
0195.png 48 55 75 23 93 49 50 64 75 56 74 71 
0196.png 48 55 75 23 93 49 50 64 75 56 74 71 
0197.png 48 59 84 36 54 20 57 67 73 51 81 63 
0198.png 43 68 79 38 49 24 53 71 69 55 76 67 
0199.png 43 68 79 38 49 24 53 71 69 55 76 67 
0200.png 44 67 62 28 29 28 57 72 77 55 63 48 
0201.png 46 71 28 33 64 33 58 76 65 53 78 61 
0202.png 47 74 29 33 62 33 58 76 80 61 64 52 
0203.png 46 80 29 37 62 38 59 81 63 57 78 66 
0204.png 46 83 63 42 29 42 58 87 64 61 78 70 
0205.png 46 83 63 42 29 42 58 87 78 70 64 61 
0206.png 49 90 65 48 31 48 62 91 65 67 82 76 
0207.png 49 95 32 54 66 54 61 96 82 82 66 74 
0208.png 49 95 32 54 66 54 61 96 66 74 82 82 
0209.png 50 102 32 60 65 60 61 104 66 80 83 87 
0210.png 49 105 66 64 32 64 61 109 84 92 67 85 
0211.png 50 107 67 64 32 64 62 105 84 92 67 85 
0212.png 49 111 32 69 66 69 61 113 66 89 80 97 
0213.png 51 114 33 75 67 75 63 118 67 95 83 103 
0214.png 51 114 32 74 67 74 63 118 67 94 83 103 
0215.png 67 80 33 80 51 119 62 124 67 99 83 108 
0216.png 50 128 32 85 66 86 68 117 88 101 72 93 
0217.png 50 128 32 85 66 86 68 117 88 101 72 93 
0218.png 50 133 67 91 32 91 72 114 93 97 78 89 
0219.png 63 137 25 110 55 95 77 110 68 87 87 88 
0220.png 63 137 25 110 55 95 77 110 68 87 87 88 
0221.png 76 136 46 102 28 128 88 104 60 100 69 87 
0222.png 84 135 53 100 36 127 94 102 78 84 67 100 
0223.png 84 135 53 100 36 127 94 102 78 84 67 100 
0224.png 87 121 39 134 40 105 76 92 51 99 52 83 
0225.png 92 121 48 105 48 136 85 91 59 100 59 84 
0226.png 92 121 49 106 47 136 85 91 59 100 59 84 
0227.png 103 119 56 106 56 135 94 92 67 99 66 83 
0228.png 111 120 64 105 65 134 99 92 75 82 76 100 
0229.png 111 120 64 105 65 134 99 92 75 82 76 100 
0230.png 117 120 72 106 72 134 108 91 83 84 82 99 
0231.png 124 120 78 105 78 134 116 91 88 100 89 84 
0232.png 124 120 78 105 78 134 116 91 88 100 89 84 
0233.png 129 120 81 136 82 105 120 91 94 100 93 83 
0234.png 135 120 87 134 88 104 127 91 100 99 100 83 
0235.png 135 120 87 134 88 104 127 91 100 99 100 83 
0236.png 140 119 96 135 96 105 133 91 106 99 107 83 
0237.png 149 120 102 105 102 134 140 91 114 99 113 83 
0238.png 149 120 102 105 102 134 140 91 114 99 113 83 
0239.png 155 120 110 136 110 105 146 91 121 100 121 84 
0240.png 162 120 116 136 116 105 152 91 126 100 128 84 
0241.png 162 120 116 136 116 105 152 92 126 100 128 83 
0242.png 168 120 122 136 122 105 159 91 133 100 134 83 
0243.png 174 120 126 137 135 107 165 91 139 101 140 84 
0244.png 174 120 126 137 135 107 165 91 139 101 140 84 
0245.png 181 120 135 135 136 105 174 92 147 99 148 84 
0246.png 190 120 144 134 144 105 183 91 155 99 155 84 
0247.png 190 120 144 134 144 105 183 91 155 99 155 84 
0248.png 196 120 148 138 152 105 187 92 162 99 161 83 
0249.png 203 121 158 106 158 136 194 92 168 101 169 83 
0250.png 203 121 158 106 158 136 194 92 168 101 169 83 
0251.png 212 121 165 136 167 107 202 93 176 101 177 84 
0252.png 218 121 171 136 173 107 209 93 183 101 185 85 
0253.png 218 121 171 136 173 107 209 93 183 101 185 85 
0254.png 224 122 180 106 181 137 215 93 191 101 192 84 
0255.png 235 121 189 105 187 137 227 92 200 101 199 84 
0256.png 235 121 189 105 187 137 227 92 200 101 199 84 
0257.png 242 121 196 136 196 106 232 92 207 101 207 84 
0258.png 250 121 204 109 203 136 238 92 216 100 215 83 
0259.png 250 121 204 109 203 136 238 92 216 100 215 83 
0260.png 257 122 212 136 212 107 247 93 222 101 223 85 
0261.png 263 121 220 109 220 136 256 93 230 100 231 86 
0262.png 263 121 220 109 220 136 256 93 230 100 231 86 
0263.png 274 121 225 136 228 107 261 92 238 100 239 86 
0264.png 277 121 233 138 236 107 270 93 246 100 247 85 
0265.png 277 121 233 138 236 107 270 93 246 100 247 85 
0266.png 287 121 249 108 241 136 276 92 254 102 254 84 
0267.png 298 122 249 137 252 107 285 93 262 100 263 85 
0268.png 298 122 249 137 252 107 285 93 262 100 263 85 
0269.png 303 121 260 134 260 106 294 93 270 103 272 85 
0270.png 311 122 268 106 265 137 302 92 278 99 279 85 
0271.png 313 121 268 107 265 137 302 92 278 99 279 85 
0272.png 322 122 274 134 274 108 310 92 286 100 287 85 
0273.png 267 132 289 110 318 141 313 85 295 103 288 90 
0274.png 267 132 289 110 318 141 313 85 295 103 288 90 
0275.png 307 152 272 125 301 108 306 78 301 100 287 91 
0276.png 311 157 274 130 303 115 305 71 302 94 287 86 
0277.png 312 157 272 130 303 115 306 70 302 94 286 86 
0278.png 314 162 275 134 306 120 308 63 303 87 286 79 
0279.png 315 165 278 139 308 124 307 59 303 83 287 73 
0280.png 315 165 278 139 308 124 307 59 303 83 287 73 
0281.png 319 171 280 145 310 131 308 53 305 76 288 68 
0282.png 311 138 282 152 321 183 310 49 306 72 290 63 
0283.png 311 138 282 152 321 183 310 49 306 72 290 63 
0284.png 325 189 284 160 315 145 312 43 306 68 292 60 
0285.png 307 199 290 157 323 158 308 41 317 65 298 64 
0286.png 307 199 290 157 323 158 308 41 317 65 298 64 
0287.png 307 205 323 162 290 162 298 60 317 60 307 38 
0288.png 306 208 324 168 289 168 308 33 316 56 298 55 
0289.png 305 209 324 168 289 168 308 33 316 56 298 55 
0290.png 291 209 327 183 298 165 297 33 317 49 301 56 
0291.png 282 202 312 170 327 195 289 34 306 50 316 37 
0292.png 282 202 312 170 327 195 289 34 306 50 316 37 
0293.png 275 204 321 200 306 173 287 32 303 48 311 36 
0294.png 269 208 316 200 299 174 282 30 306 35 297 49 
0295.png 269 208 316 200 299 174 282 30 306 35 297 49 
0296.png 261 194 304 208 303 179 277 35 298 28 299 42 
0297.png 299 209 252 194 298 181 270 35 293 28 293 43 
0298.png 299 209 252 194 298 181 270 35 293 28 293 43 
0299.png 290 179 248 194 291 208 260 34 285 28 286 42 
0300.png 282 178 238 194 283 208 254 35 277 27 278 42 
0301.png 282 178 238 194 283 208 254 35 277 27 278 42 
0302.png 275 180 276 209 232 194 245 34 271 27 271 42 
0303.png 267 179 268 207 223 194 239 35 263 23 262 41 
0304.png 267 179 268 207 223 194 239 35 263 23 262 41 
0305.png 262 179 263 209 217 193 233 34 256 26 256 42 
0306.png 206 193 253 207 252 179 248 27 221 34 249 41 
0307.png 206 193 253 207 252 179 248 27 221 34 249 41 
0308.png 200 193 245 208 244 178 214 34 241 25 240 42 
0309.png 191 192 237 208 236 178 205 33 233 42 232 25 
0310.png 191 192 237 208 236 178 205 33 233 42 232 25 
0311.png 185 192 231 207 230 176 199 32 225 25 224 41 
0312.png 175 191 222 177 223 207 191 33 217 41 216 25 
0313.png 175 191 222 177 223 207 191 33 217 41 216 25 
0314.png 214 177 168 191 215 207 185 33 209 24 210 41 
0315.png 209 207 161 191 208 179 178 33 203 24 203 42 
0316.png 209 207 166 192 208 178 177 33 204 24 200 40 
0317.png 200 176 201 207 157 191 169 33 196 25 196 41 
0318.png 156 173 189 206 206 180 167 40 184 20 194 35 
0319.png 156 173 189 207 206 180 167 40 184 20 194 35 
0320.png 161 166 200 194 169 208 170 47 175 25 189 33 
0321.png 181 166 199 209 164 207 179 54 172 30 190 29 
0322.png 181 166 199 209 164 207 179 54 172 30 190 29 
0323.png 182 161 164 202 198 203 179 59 171 34 189 33 
0324.png 183 153 165 195 200 196 179 65 171 39 188 40 
0325.png 183 153 165 195 200 196 179 65 171 39 188 40 
0326.png 183 145 198 188 168 188 180 66 168 44 188 45 
0327.png 182 139 201 180 167 180 179 74 169 50 189 51 
0328.png 182 139 201 180 167 180 179 74 169 50 189 51 
0329.png 182 133 200 174 167 174 180 78 170 56 189 56 
0330.png 184 126 167 168 199 168 180 83 191 61 170 62 
0331.png 184 126 199 168 167 168 180 83 170 62 191 61 
0332.png 186 116 168 161 200 162 180 92 191 68 172 68 
0333.png 166 118 204 145 174 162 198 92 169 87 180 72 
0334.png 166 118 204 145 174 162 198 92 169 87 180 72 
0335.png 157 114 196 142 166 156 204 97 176 92 185 79 
0336.png 150 109 191 138 160 152 208 104 180 99 191 87 
0337.png 152 111 189 137 160 152 205 102 182 99 192 86 
0338.png 141 104 176 132 150 149 196 91 189 107 215 108 
0339.png 141 104 176 132 150 149 196 91 189 107 215 108 
0340.png 141 104 176 132 150 149 196 91 189 107 215 108
0341.png 119 86 155 113 126 126 234 128 209 122 218 111  
0342.png 119 86 155 113 126 126 234 128 209 122 218 111 
0343.png 116 84 155 113 126 126 234 128 209 122 218 111 
0344.png 111 81 161 117 117 108 237 130 224 117 216 127 
0345.png 106 77 144 105 116 119 250 140 224 134 231 123 
0346.png 106 77 144 105 116 119 250 140 224 134 231 123 
0347.png 100 72 137 99 108 115 257 146 231 140 240 128 
0348.png 96 70 133 97 103 111 263 150 239 147 248 133 
0349.png 96 70 133 97 103 111 263 150 239 147 248 133 
0350.png 90 62 127 91 98 106 271 157 255 139 245 153 
0351.png 86 61 124 87 95 101 277 164 252 159 262 147 
0352.png 86 61 95 100 125 88 277 164 252 159 262 147 
0353.png 82 59 119 81 88 96 287 173 260 167 270 155 
0354.png 75 52 83 93 116 77 293 178 269 173 277 162 
0355.png 75 52 83 93 116 77 293 178 269 173 277 162 
0356.png 69 46 76 84 109 70 298 184 284 168 275 180 
0357.png 59 41 68 79 98 66 303 190 280 186 289 174 
0358.png 59 41 68 79 98 66 303 190 280 186 289 174 
0359.png 53 36 61 74 93 61 309 197 285 192 293 180 
0360.png 47 30 54 71 84 55 314 202 290 199 299 186 
0361.png 47 31 56 70 84 55 314 202 290 199 299 186 
0362.png 39 38 69 70 86 44 321 194 295 199 294 186 
0363.png 31 53 77 69 78 39 318 185 303 201 294 187 
0364.png 31 53 77 69 78 39 318 185 303 201 294 187 
0365.png 35 75 81 66 65 41 316 179 311 201 296 193 
0366.png 49 39 77 56 40 86 308 178 318 199 300 197 
0367.png 49 38 78 55 42 81 300 198 317 199 309 175 
0368.png 60 91 42 50 77 50 308 169 316 194 299 193 
0369.png 60 96 43 56 78 57 307 166 318 190 298 189 
0370.png 60 96 43 56 78 57 307 166 318 190 298 189 
0371.png 61 103 44 60 78 60 306 161 316 185 298 184 
0372.png 60 107 77 67 43 66 306 155 316 178 298 178 
0373.png 60 107 77 67 43 66 306 155 316 178 298 178 
0374.png 60 112 77 70 43 70 307 148 316 172 298 171 
0375.png 60 117 76 75 43 74 307 142 316 166 297 165 
0376.png 60 115 42 74 77 75 307 143 317 166 297 165 
0377.png 59 120 76 78 42 78 307 136 315 158 297 158 
0378.png 77 82 43 82 61 122 306 128 316 154 298 151 
0379.png 77 82 43 82 61 122 306 128 316 154 298 151 
0380.png 60 128 43 86 76 86 306 123 317 146 298 144 
0381.png 59 132 43 90 77 90 298 138 316 138 307 118 
0382.png 59 132 43 90 77 90 298 138 316 138 307 118 
0383.png 59 137 43 95 76 98 308 110 316 132 297 131 
0384.png 45 135 81 107 53 91 313 110 309 135 293 126 
0385.png 45 135 81 107 53 91 313 110 309 135 293 126 
0386.png 38 123 83 123 66 94 315 117 299 133 290 118 
0387.png 30 112 78 98 75 127 320 123 297 131 296 117 
0388.png 30 112 78 98 75 127 320 123 297 131 296 117 
0389.png 33 100 63 133 83 105 315 131 290 127 301 114 
0390.png 42 93 89 126 49 125 315 131 290 127 301 114 
0391.png 42 93 89 126 49 125 315 131 290 127 301 114 
0392.png 40 130 73 128 57 87 303 137 293 116 311 116 
0393.png 70 92 34 120 61 135 296 135 300 114 314 122 
0394.png 70 92 34 120 61 135 296 135 314 122 300 114 
0395.png 77 100 47 135 32 108 293 132 316 128 308 115 
0396.png 77 100 47 135 32 108 293 132 316 128 308 115
0397.png 81 132 50 97 32 124 290 118 315 121 305 134  
0398.png 81 132 50 97 32 124 290 118 315 121 305 134 
0399.png 68 138 33 113 59 95 293 114 298 135 312 128 
0400.png 68 138 33 113 59 95 293 114 298 135 312 128 
0401.png 34 101 52 143 68 105 287 134 305 133 300 111 
0402.png 52 155 68 112 36 110 299 104 307 129 290 127 
0403.png 52 155 68 112 36 110 299 104 307 129 290 127 
0404.png 34 117 50 157 68 117 298 99 309 123 290 121 
0405.png 50 163 68 123 33 123 298 94 307 118 288 116 
0406.png 50 164 67 123 33 123 298 94 288 116 307 118 
0407.png 33 130 67 128 50 171 289 111 308 111 298 88 
0408.png 49 178 66 136 32 136 299 82 308 105 290 105 
0409.png 49 178 66 136 32 136 299 82 308 105 290 105 
0410.png 49 184 31 143 65 144 299 75 308 99 289 98 
0411.png 48 190 30 149 65 149 298 67 307 92 289 90 
0412.png 48 190 30 149 65 149 298 67 307 92 289 90 
0413.png 48 196 30 155 64 156 297 60 306 82 288 82 
0414.png 71 200 61 159 32 171 284 55 306 71 290 79 
0415.png 71 200 61 159 32 171 284 55 306 71 290 79 
0416.png 67 165 37 178 76 206 279 51 286 75 301 67 
0417.png 82 213 72 170 42 184 276 48 279 71 296 63 
0418.png 82 213 72 170 42 184 276 48 279 71 296 63 
0419.png 94 207 61 174 45 200 267 49 284 67 294 54 
0420.png 100 210 53 204 71 178 259 44 261 46 268 46 
0421.png 100 210 52 204 71 178 259 44 261 46 268 46 
0422.png 118 196 71 183 69 211 250 51 255 50 266 56 
0423.png 123 197 79 182 78 212 246 51 270 59 271 42 
0424.png 123 197 79 182 78 212 246 51 270 59 271 42 
0425.png 132 198 87 213 89 183 235 51 261 41 260 59 
0426.png 141 199 97 184 96 214 226 50 252 42 251 58 
0427.png 141 199 97 184 96 214 226 50 252 42 251 58 
0428.png 151 199 103 184 105 214 217 50 235 54 222 48 
0429.png 161 200 114 214 113 185 208 49 235 41 234 57 
0430.png 161 200 114 214 113 185 208 49 235 41 234 57 
0431.png 169 200 124 215 123 185 199 49 224 56 225 41 
0432.png 178 201 132 186 131 216 190 49 216 40 215 55 
0433.png 178 201 132 186 131 216 190 49 216 40 215 55 
0434.png 187 202 143 186 142 216 181 49 207 40 205 55 
0435.png 198 201 151 186 152 217 172 49 198 40 198 56 
0436.png 198 201 151 186 152 217 172 49 198 40 198 56 
0437.png 205 185 156 194 171 220 172 59 190 40 199 55 
0438.png 195 175 187 218 158 202 175 66 182 40 197 49 
0439.png 195 175 187 218 158 202 175 66 182 40 197 49 
0440.png 182 173 166 214 200 214 185 66 175 44 195 44 
0441.png 184 166 166 207 200 208 186 75 176 51 194 51 
0442.png 184 166 166 207 200 208 186 75 176 51 194 51 
0443.png 183 160 201 200 167 200 184 83 175 60 196 60 
0444.png 183 148 200 192 167 191 187 93 196 69 178 68 
0445.png 183 149 200 192 167 191 187 93 196 69 178 68 
0446.png 182 143 197 184 165 184 188 100 178 76 197 78 
0447.png 180 134 197 179 165 177 191 106 181 82 198 83 
0448.png 180 134 197 179 165 177 191 106 181 82 198 83 
0449.png 181 132 196 170 162 169 193 114 183 90 201 91 
0450.png 174 121 193 162 159 161 196 121 186 97 204 98 
0451.png 175 120 193 162 159 161 196 123 187 97 204 98 
0452.png 174 113 191 153 157 153 199 129 189 105 208 106 
0453.png 169 102 154 144 187 144 201 137 192 114 211 114 
0454.png 169 102 154 144 187 144 201 137 192 114 211 114 
0455.png 168 93 153 134 187 134 201 146 211 125 191 121 
0456.png 170 86 154 124 188 124 202 152 211 131 192 130 
0457.png 170 86 154 124 188 124 202 152 211 131 192 130 
0458.png 176 73 160 117 192 117 190 160 181 135 199 135 
0459.png 187 77 171 117 204 118 184 157 174 135 193 137 
0460.png 187 77 171 117 204 118 184 157 174 135 193 137 
0461.png 194 75 210 118 178 117 178 158 168 134 187 135 
0462.png 201 74 220 118 187 118 173 157 163 134 182 134 
0463.png 201 74 220 118 187 118 173 157 163 134 182 134 
0464.png 211 82 227 120 190 120 172 154 182 132 163 131 
0465.png 211 81 194 126 227 123 173 152 162 128 181 128 
0466.png 227 123 211 81 194 126 173 152 181 128 162 128 
0467.png 196 127 212 88 230 131 172 149 182 124 162 124 
0468.png 212 90 197 132 229 134 172 145 162 122 181 122 
0469.png 212 90 197 132 229 134 172 145 162 122 181 122 
0470.png 196 136 229 138 212 95 172 139 162 118 183 118 
0471.png 212 100 230 142 195 141 172 137 182 114 163 114 
0472.png 212 100 230 142 195 141 172 137 182 114 163 114 
0473.png 212 94 230 134 196 135 172 145 162 121 181 123 
0474.png 231 129 213 87 197 125 172 145 162 121 181 123 
0475.png 231 129 213 87 197 125 172 145 162 121 181 123 
0476.png 229 91 222 134 192 118 162 140 184 125 167 118 
0477.png 239 98 206 132 191 104 152 136 171 117 179 132 
0478.png 239 98 206 132 191 104 152 136 171 117 179 132 
0479.png 242 114 194 129 195 99 152 117 178 109 179 124 
0480.png 234 142 200 110 182 134 156 103 174 121 184 108 
0481.png 234 142 200 110 182 134 156 103 174 121 184 108
0482.png 208 157 178 137 237 308 200 118 196 115 199 114 
0483.png 179 160 194 120 160 119 178 86 188 109 170 109 
0484.png 179 160 194 120 160 119 178 86 188 109 170 109 
0485.png 156 160 166 115 194 130 201 94 180 110 196 118 
0486.png 138 146 169 111 184 137 211 108 185 112 193 127 
0487.png 138 146 169 111 184 137 211 108 185 112 193 127 
0488.png 131 125 178 111 179 139 215 125 190 132 190 116 
0489.png 124 125 173 107 171 138 222 126 197 133 196 116 
0490.png 124 125 173 107 171 138 222 126 197 133 196 116 
0491.png 119 124 165 138 164 109 229 125 204 134 204 117 
0492.png 109 124 157 139 156 109 237 126 211 134 212 117 
0493.png 109 124 157 139 156 109 237 126 211 134 212 117 
0494.png 100 124 149 138 148 110 244 125 219 134 218 117 
0495.png 93 125 140 139 140 108 251 126 225 134 226 117 
0496.png 93 125 140 108 141 139 250 125 225 134 226 118 
0497.png 85 124 131 138 130 108 258 126 233 134 232 118 
0498.png 78 124 123 139 125 109 266 126 241 135 240 118 
0499.png 78 124 123 139 125 109 266 126 241 135 240 118 
0500.png 70 124 116 139 116 108 271 127 248 119 248 136 
0501.png 61 123 108 138 108 108 284 126 257 135 258 119 
0502.png 61 123 108 138 108 108 284 126 257 135 258 119 
0503.png 54 108 87 141 105 116 285 116 267 135 258 119 
0504.png 51 105 83 137 102 111 288 115 272 133 262 117 
0505.png 51 105 83 137 102 111 288 115 272 133 262 117 
0506.png 52 102 80 135 99 109 298 111 279 128 271 114 
0507.png 47 87 87 118 57 132 296 103 291 128 274 119 
0508.png 47 87 87 118 57 132 296 103 291 128 274 119 
0509.png 48 85 186 179 78 257 297 98 320 -19 907 -345 
0510.png 42 79 50 120 83 107 301 93 295 117 279 109 
0511.png 42 79 82 106 50 123 301 93 295 117 279 109 
0512.png 35 111 53 70 72 111 292 84 300 106 282 106 
0513.png 70 103 51 61 35 103 291 76 299 99 281 99 
0514.png 70 103 51 61 35 103 291 76 299 99 281 99 
0515.png 35 97 69 97 52 57 291 71 300 95 281 94 
0516.png 53 51 69 91 36 91 291 67 300 89 281 88 
0517.png 53 51 69 91 36 91 291 67 300 89 281 88 
0518.png 53 45 69 85 35 85 291 59 301 83 282 82 
0519.png 69 79 36 79 52 38 291 52 299 76 282 76 
0520.png 69 79 36 79 52 38 291 52 299 76 282 76 
0521.png 36 73 68 73 52 32 291 47 300 71 281 70 
0522.png 52 27 69 69 35 69 290 43 300 65 281 64 
0523.png 36 67 67 67 53 29 291 42 299 64 282 63 
0524.png 75 28 37 57 64 72 278 40 296 56 281 63 
0525.png 87 33 57 69 40 42 266 40 291 46 280 60 
0526.png 88 33 57 69 40 42 267 42 280 60 292 45 
0527.png 96 46 54 31 52 59 253 44 279 38 278 53 
0528.png 107 45 62 32 61 60 247 46 271 38 270 53 
0529.png 107 45 62 32 61 60 247 46 271 38 270 53 
0530.png 114 45 70 31 69 61 240 45 262 36 262 54 
0531.png 121 45 76 32 76 62 231 46 254 40 254 53 
0532.png 121 45 76 32 76 62 231 46 254 40 254 53 
0533.png 129 46 86 32 85 61 222 47 246 52 247 38 
0534.png 140 47 94 33 93 61 217 45 240 36 240 53 
0535.png 141 47 94 30 94 61 212 46 239 55 241 37 
0536.png 152 48 103 34 102 62 207 46 233 37 233 55 
0537.png 156 47 112 63 111 32 199 46 225 37 225 54 
0538.png 156 47 112 63 111 32 199 46 225 37 225 54 
0539.png 172 50 120 34 120 62 189 46 216 39 216 54 
0540.png 172 70 141 37 124 63 188 58 204 42 214 55 
0541.png 172 70 141 37 124 63 188 58 214 55 205 41 
0542.png 169 81 130 55 160 39 192 72 196 48 212 57 
0543.png 173 93 137 65 166 52 186 83 191 58 206 67 
0544.png 173 93 137 65 166 52 186 83 191 58 206 67 
0545.png 175 104 166 59 136 74 183 92 187 69 204 77 
0546.png 158 106 175 71 140 64 196 98 188 75 203 75 
0547.png 139 62 175 70 158 106 196 98 203 75 188 74 
0548.png 141 71 159 112 176 77 197 103 188 81 204 82 
0549.png 142 79 177 85 160 120 199 109 190 88 206 90 
0550.png 142 79 177 85 160 120 199 109 190 88 206 90 
0551.png 161 128 175 91 144 85 198 117 190 95 207 96 
0552.png 161 133 176 97 143 92 199 122 190 101 208 103 
0553.png 161 133 176 97 143 92 199 122 190 101 208 103 
0554.png 162 140 143 98 177 104 199 131 191 109 209 111 
0555.png 149 98 178 113 142 139 218 129 190 121 200 108 
0556.png 149 98 178 113 142 139 218 129 190 121 200 108 
0557.png 129 131 160 100 177 126 218 128 192 124 201 111 
0558.png 125 118 169 131 172 102 219 117 196 110 196 124 
0559.png 125 118 169 131 171 102 219 117 196 110 196 124 
0560.png 121 116 163 132 165 102 223 117 200 107 200 123 
0561.png 114 117 157 131 159 102 228 118 204 125 204 108 
0562.png 114 117 157 131 159 102 228 118 204 125 204 108 
0563.png 109 116 154 133 154 101 231 118 206 125 208 110 
0564.png 104 116 148 131 149 101 235 117 212 125 212 111 
0565.png 104 116 148 131 149 101 235 117 212 125 212 111 
0566.png 96 117 144 132 144 102 238 118 216 126 216 109 
0567.png 94 117 137 132 139 102 242 118 219 125 218 109 
0568.png 94 117 137 132 139 102 242 118 219 125 218 109 
0569.png 85 116 132 131 133 102 248 117 224 125 226 110 
0570.png 81 117 125 130 127 102 255 118 232 125 232 110 
0571.png 81 117 126 102 126 130 255 119 232 126 232 110 
0572.png 72 116 120 132 120 101 266 119 240 126 242 112 
0573.png 67 117 112 130 113 101 271 118 246 126 246 111 
0574.png 67 117 112 130 113 101 271 118 246 126 246 111 
0575.png 73 135 103 101 119 129 269 130 244 125 253 113 
0576.png 70 137 117 133 100 104 276 135 250 131 260 119 
0577.png 70 137 117 133 100 104 276 135 250 131 260 119 
0578.png 74 154 121 120 82 115 283 139 267 122 258 135 
0579.png 73 123 104 124 89 165 271 147 263 127 281 127 
0580.png 73 123 106 124 88 162 271 147 263 127 281 127 
0581.png 118 165 80 139 110 124 261 152 265 131 280 138 
0582.png 126 175 87 145 117 132 255 159 261 133 276 142 
0583.png 126 175 87 145 117 132 255 159 261 133 276 142 
0584.png 126 175 87 145 117 132 250 165 271 150 256 141 
0585.png 130 178 122 135 93 150 247 168 265 153 250 144 
0586.png 130 178 122 135 93 150 247 168 266 153 250 144 
0587.png 135 185 97 156 126 142 238 177 245 152 260 160 
0588.png 139 187 101 160 131 145 234 180 239 155 255 164 
0589.png 139 187 101 160 131 145 234 180 239 155 255 164 
0590.png 145 192 137 150 107 164 229 183 232 159 248 169 
0591.png 153 198 115 168 144 153 223 189 227 163 242 174 
0592.png 153 198 115 168 144 153 223 189 227 163 242 174 
0593.png 161 201 123 173 152 158 218 193 222 169 238 178 
0594.png 168 206 130 179 160 165 212 200 232 184 217 175 
0595.png 168 206 130 179 160 165 212 200 232 184 217 175 
0596.png 171 209 132 183 163 167 208 202 212 178 229 187 
0597.png 173 212 167 171 137 186 203 206 208 182 223 190 
0598.png 173 212 167 171 137 186 203 206 208 182 223 190 
0599.png 176 216 169 174 140 188 199 208 204 184 220 193 
0600.png 176 216 169 174 140 188 199 208 204 184 220 193 
0601.png 176 216 139 188 169 174 199 208 204 184 220 193 
0602.png 176 216 139 188 169 174 199 208 204 184 220 193 
0603.png 176 216 169 174 139 188 199 208 204 184 220 193 
0604.png 176 216 169 174 139 188 199 208 204 185 220 192 
0605.png 176 216 169 174 139 188 199 208 204 185 220 192 
0606.png 176 216 169 174 139 188 199 208 204 185 220 192 
0607.png 176 216 169 174 139 188 199 208 204 185 220 192 
0608.png 176 216 169 174 139 188 199 208 204 185 220 192 
0609.png 176 216 169 174 139 188 199 208 204 185 220 192 
0610.png 176 216 169 174 139 188 199 208 204 185 220 192 
0611.png 176 216 169 174 139 188 199 208 204 185 220 192 
0612.png 176 216 169 174 139 188 199 208 204 185 220 192 
0613.png 176 216 169 174 139 188 199 208 204 185 220 192 
0614.png 176 216 169 174 139 188 199 208 204 184 220 193 
0615.png 176 216 169 174 139 188 199 208 204 184 220 193 
0616.png 176 216 169 174 140 188 199 208 204 184 220 193 
0617.png 176 216 140 188 169 174 199 208 204 184 220 193 

