0001.png 330 185 298 217 282 191 79 58 103 49 101 64 
0002.png 330 185 298 217 282 191 79 58 103 49 101 64 
0003.png 330 185 298 217 282 191 79 58 103 49 101 64 
0004.png 330 185 298 217 282 191 79 58 103 49 101 64 
0005.png 330 185 298 217 282 191 79 58 103 49 101 64 
0006.png 330 185 298 217 282 191 79 58 103 49 101 64 
0007.png 330 185 298 217 282 191 79 58 103 49 101 64 
0008.png 330 185 298 217 282 191 79 58 103 49 101 64 
0009.png 330 185 298 217 282 191 79 58 103 49 101 64 
0010.png 330 185 298 217 282 191 79 58 103 49 101 64 
0011.png 330 185 298 217 282 191 79 58 103 49 101 64 
0012.png 330 185 298 217 282 191 79 58 103 49 101 64 
0013.png 325 177 292 212 277 186 77 66 104 56 103 73 
0014.png 325 177 292 211 278 186 77 66 104 56 103 73 
0015.png 319 170 271 180 287 204 81 74 105 65 104 80 
0016.png 318 171 287 204 271 179 79 73 105 65 104 81 
0017.png 310 163 265 172 279 195 82 80 106 73 107 87 
0018.png 310 163 265 172 279 195 82 80 106 73 107 87 
0019.png 308 158 276 192 260 165 80 90 106 81 107 97 
0020.png 308 158 276 192 260 165 80 90 106 81 107 97 
0021.png 303 151 254 158 270 184 82 97 108 89 108 105 
0022.png 303 151 254 158 270 184 82 97 108 89 108 105 
0023.png 296 144 265 178 249 152 85 106 105 98 105 114 
0024.png 296 145 249 151 264 177 85 105 105 98 104 112 
0025.png 288 144 263 168 222 156 85 114 106 106 106 119 
0026.png 288 144 263 168 222 156 85 114 106 106 106 119 
0027.png 284 135 234 132 253 165 82 124 112 112 112 126 
0028.png 284 135 234 132 253 165 82 124 112 112 112 126 
0029.png 284 135 234 132 253 165 82 124 91 120 100 125 
0030.png 279 126 234 133 247 158 96 129 112 122 113 136 
0031.png 279 126 234 133 247 158 96 129 112 122 113 136 
0032.png 273 119 245 151 229 126 92 137 116 144 115 128 
0033.png 275 119 245 151 228 124 90 137 116 145 115 129 
0034.png 270 111 237 146 221 119 92 144 115 137 116 154 
0035.png 270 111 237 146 221 119 92 144 115 137 116 154 
0036.png 263 102 231 138 217 116 92 153 117 145 117 161 
0037.png 263 102 231 138 217 116 92 153 117 145 117 161 
0038.png 267 88 237 136 217 110 95 163 118 169 120 154 
0039.png 256 88 235 138 214 116 95 163 118 171 119 157 
0040.png 244 92 210 114 235 134 95 169 120 161 121 178 
0041.png 244 92 208 116 235 133 95 169 120 161 121 178 
0042.png 233 95 227 131 203 117 97 176 117 169 119 184 
0043.png 233 95 227 131 203 117 97 176 117 169 119 184 
0044.png 233 81 226 125 200 108 96 186 122 191 123 176 
0045.png 233 81 226 125 200 108 96 186 122 191 123 176 
0046.png 233 81 226 125 199 109 98 185 122 195 123 177 
0047.png 221 77 214 119 184 104 102 191 129 182 127 199 
0048.png 222 76 185 104 214 117 103 190 128 183 127 198 
0049.png 214 72 178 98 205 114 110 195 134 205 132 187 
0050.png 214 72 178 98 205 114 109 195 132 187 134 203 
0051.png 203 65 168 91 195 108 118 203 140 197 142 209 
0052.png 203 65 168 91 195 108 118 203 140 197 142 209 
0053.png 197 66 158 89 187 101 138 201 151 188 158 199 
0054.png 197 66 158 89 187 101 138 201 151 188 158 199 
0055.png 188 56 150 82 179 96 147 204 172 199 164 187 
0056.png 188 56 150 82 179 96 147 204 172 199 164 187 
0057.png 179 48 141 75 172 91 157 198 180 195 173 180 
0058.png 179 48 141 75 172 91 157 198 173 180 180 195 
0059.png 162 45 125 70 153 87 164 197 183 180 190 193 
0060.png 162 45 125 70 153 87 164 197 183 180 190 193 
0061.png 150 44 118 73 142 87 170 192 188 175 195 188 
0062.png 150 45 116 72 142 87 170 192 195 188 188 175 
0063.png 150 45 116 72 142 87 170 192 195 188 188 175 
0064.png 138 44 102 72 130 87 180 182 192 165 201 179 
0065.png 138 44 102 72 130 87 180 182 192 165 201 179 
0066.png 130 46 89 74 121 93 182 175 208 172 199 160 
0067.png 130 46 89 74 121 93 182 175 208 172 199 160 
0068.png 106 90 78 72 114 46 190 167 207 150 215 164 
0069.png 106 90 78 72 114 46 190 167 207 150 215 164 
0070.png 102 46 66 71 94 90 196 158 211 145 219 155 
0071.png 102 46 66 71 94 90 196 158 211 145 219 155 
0072.png 89 46 54 75 82 87 198 151 214 137 222 147 
0073.png 89 46 54 75 82 87 198 151 214 137 222 147 
0074.png 76 48 92 90 60 89 199 145 216 126 224 140 
0075.png 76 48 92 90 60 89 199 145 216 126 224 140 
0076.png 63 54 45 92 80 92 208 138 223 124 231 134 
0077.png 63 54 45 92 80 92 208 138 223 124 231 134 
0078.png 59 56 43 94 75 100 215 132 231 114 237 128 
0079.png 59 56 43 94 75 100 215 132 231 114 237 128 
0080.png 59 56 43 94 75 100 215 132 231 114 237 128 
0081.png 69 103 38 98 54 59 222 126 247 123 238 109 
0082.png 69 103 38 98 54 59 222 126 238 109 247 123 
0083.png 38 113 67 114 53 75 228 121 253 118 245 103 
0084.png 38 113 67 114 53 75 228 121 253 118 245 103 
0085.png 34 115 50 76 66 115 242 112 260 112 254 97 
0086.png 34 115 50 77 66 115 242 112 260 112 254 97 
0087.png 35 122 53 81 67 120 246 107 260 91 268 105 
0088.png 67 120 53 81 35 122 246 107 260 91 268 105 
0089.png 70 128 54 91 37 132 245 103 263 85 270 99 
0090.png 70 128 54 91 37 132 245 103 263 85 270 99 
0091.png 58 100 72 136 39 143 247 99 266 79 275 93 
0092.png 58 100 72 136 39 143 247 99 275 93 266 79 
0093.png 58 100 72 136 39 143 247 99 275 93 266 79 
0094.png 62 117 47 150 80 151 241 91 260 76 244 69 
0095.png 62 117 47 150 80 151 241 91 260 76 244 69 
0096.png 62 117 47 150 80 151 241 91 260 76 244 69 
0097.png 62 117 47 150 80 151 241 91 260 76 244 69 
0098.png 65 125 79 162 46 179 227 87 232 65 249 76 
0099.png 65 125 79 162 46 179 227 87 232 65 249 76 
0100.png 68 136 82 166 38 194 214 85 219 63 237 71 
0101.png 68 136 82 166 38 194 214 85 219 63 237 71 
0102.png 60 175 70 159 75 166 57 185 171 187 201 84 
0103.png 60 175 70 159 75 166 57 185 171 187 201 84 
0104.png 60 175 70 159 75 166 57 185 171 187 201 84 
0105.png 75 166 87 186 44 186 202 82 206 58 225 68 
0107.png 82 155 121 187 93 202 162 72 183 58 168 48 
0108.png 82 155 121 187 93 202 162 72 183 58 168 48 
0109.png 82 155 121 187 93 202 162 72 183 58 168 48 
0110.png 99 161 109 204 137 190 150 69 169 56 154 44 
0111.png 99 161 109 204 137 190 150 69 169 56 154 44 
0112.png 114 165 152 193 122 208 136 66 157 52 141 42 
0113.png 114 165 152 193 122 208 136 66 157 52 141 42 
0114.png 114 165 152 193 122 208 136 66 157 52 141 42 
0115.png 132 172 170 198 141 209 124 63 128 51 141 55 
0116.png 132 172 170 198 141 209 124 63 128 51 141 55 
0117.png 149 172 185 199 155 214 111 58 116 46 130 50 
0118.png 149 172 185 199 155 214 111 58 116 46 130 50 
0119.png 164 174 173 216 199 202 99 55 117 43 103 37 
0120.png 164 174 173 216 199 202 99 55 117 43 103 37 
0121.png 179 180 217 207 187 221 85 52 105 37 89 29 
0122.png 179 180 216 206 187 221 85 52 105 37 89 29 
0123.png 203 181 169 -9 77 56 204 181 231 211 209 224 
0124.png 203 181 169 -9 77 56 204 181 231 211 209 224 
0125.png 204 183 241 209 212 226 75 63 80 40 94 49 
0126.png 204 183 241 209 212 226 75 63 80 40 94 49 
0127.png 213 180 222 224 251 211 73 70 94 55 78 47 
0128.png 213 180 222 224 251 211 73 70 94 55 78 47 
0129.png 223 183 232 224 262 209 75 88 65 65 84 66 
0130.png 223 183 232 224 262 209 75 88 65 65 84 66 
0131.png 242 183 273 209 250 224 75 97 65 76 83 76 
0132.png 242 183 273 209 250 224 75 97 65 76 83 76 
0133.png 242 183 273 209 250 224 75 97 65 76 83 76 
0134.png 231 193 273 197 259 211 76 108 65 88 82 88 
0135.png 231 193 273 197 259 211 76 108 65 88 82 88 
0136.png 235 187 269 215 286 195 83 104 66 104 75 120 
0137.png 235 187 269 215 286 195 83 104 66 104 75 120 
0138.png 249 185 279 217 300 193 74 130 82 111 66 110 
0139.png 249 185 279 217 300 193 74 130 82 111 66 110 
0140.png 261 182 290 214 309 189 81 131 74 143 65 130 
0141.png 261 182 290 214 309 189 81 131 74 143 65 130 
0142.png 273 182 302 212 319 190 74 152 66 132 83 133 
0143.png 273 182 302 212 319 190 74 152 66 132 83 133 
0144.png 283 176 314 207 331 182 67 161 86 149 71 145 
0145.png 283 176 314 207 331 182 67 161 86 149 71 145 
0146.png 284 169 313 201 331 173 73 168 92 155 77 146 
0147.png 284 169 313 201 331 173 73 168 92 155 77 146 
0148.png 282 159 314 192 329 168 84 176 98 162 87 154 
0149.png 282 159 314 192 329 168 84 176 98 162 87 154 
0150.png 282 159 314 192 329 168 84 176 98 162 87 154 
0151.png 281 153 307 183 325 159 86 185 92 162 106 170 
0152.png 281 153 307 183 325 159 86 185 92 162 106 170 
0153.png 281 143 312 176 330 152 93 192 112 177 97 170 
0154.png 281 143 312 176 330 152 93 192 112 177 97 170 
0155.png 273 150 322 165 323 137 100 199 104 177 119 185 
0156.png 273 150 322 165 323 137 100 199 104 177 119 185 
0157.png 271 143 320 130 319 158 107 206 125 193 112 185 
0158.png 271 143 320 130 320 159 107 206 112 186 126 192 
0159.png 277 139 318 121 317 151 115 211 119 193 134 202 
0160.png 277 139 318 121 317 151 115 211 119 193 134 202 
0161.png 281 131 316 145 316 113 123 216 129 193 143 199 
0162.png 281 131 316 145 316 113 123 216 129 193 143 199 
0163.png 268 124 311 137 312 108 131 211 147 200 135 192 
0164.png 268 124 311 137 312 108 131 211 147 200 135 192 
0165.png 257 122 306 108 306 137 139 215 158 202 144 195 
0166.png 257 122 306 108 306 137 139 215 158 202 144 195 
0167.png 257 122 306 108 306 137 139 215 144 195 158 202 
0168.png 255 124 298 109 298 137 142 210 158 193 167 207 
0169.png 255 124 298 109 298 137 142 210 158 193 167 207 
0170.png 252 122 292 138 292 106 158 206 175 188 180 202 
0171.png 252 122 292 138 292 106 158 206 175 188 180 202 
0172.png 238 122 284 110 285 136 172 204 189 185 196 200 
0173.png 238 122 284 110 285 136 172 204 189 185 196 200 
0174.png 233 122 278 136 278 107 188 200 203 181 212 195 
0175.png 233 122 278 136 278 107 188 200 203 181 212 195 
0176.png 220 135 270 122 255 99 200 198 219 180 227 192 
0177.png 220 135 270 122 255 99 200 198 219 180 227 192 
0178.png 217 132 266 124 250 98 218 189 235 175 242 185 
0179.png 217 132 266 124 250 98 218 189 235 175 242 185 
0180.png 209 127 255 122 238 94 234 189 250 171 257 186 
0181.png 209 127 255 122 238 94 234 189 260 186 249 172 
0182.png 200 114 242 107 233 86 245 189 271 181 265 167 
0183.png 200 114 242 107 233 86 245 189 271 181 265 167 
0184.png 200 114 242 107 233 86 245 189 271 181 265 167 
0185.png 188 108 236 100 218 75 263 182 288 179 280 165 
0186.png 188 108 236 100 218 75 263 182 288 179 280 165 
0187.png 178 108 224 102 208 76 269 176 288 173 282 160 
0188.png 178 108 224 102 208 76 269 176 288 173 282 160 
0189.png 168 107 217 102 197 76 272 171 292 168 285 155 
0190.png 168 107 217 102 197 76 272 171 292 168 285 155 
0191.png 156 109 204 101 187 77 277 166 303 162 295 149 
0192.png 155 109 204 101 186 76 277 166 303 162 295 149 
0193.png 145 109 193 102 177 75 282 159 300 142 308 156 
0194.png 146 109 193 102 178 76 282 159 308 156 300 142 
0195.png 156 64 180 80 149 108 288 150 303 138 310 147 
0196.png 156 64 180 80 149 108 288 150 303 138 310 147 
0197.png 143 67 169 79 137 108 289 138 313 130 311 145 
0198.png 143 67 169 79 137 108 289 138 313 130 311 145 
0199.png 117 112 156 81 125 69 289 133 310 126 310 140 
0200.png 117 112 156 81 125 69 289 133 310 126 310 140 
0201.png 116 113 157 83 125 71 289 133 311 125 309 141 
0202.png 110 73 141 84 101 115 276 130 301 122 300 138 
0203.png 110 73 141 84 101 115 276 130 301 122 300 138 
0204.png 87 110 129 80 95 71 266 119 282 135 291 123 
0205.png 87 110 129 80 95 71 266 119 282 135 291 123 
0206.png 74 110 109 81 80 74 259 121 272 136 277 126 
0207.png 74 110 109 81 80 74 259 121 272 136 277 126 
0208.png 76 107 93 67 58 66 241 118 265 121 256 135 
0209.png 76 107 93 67 58 66 241 118 265 121 256 135 
0210.png 71 107 55 61 84 71 229 121 251 125 243 136 
0211.png 71 107 86 67 57 66 229 121 251 125 241 134 
0212.png 65 102 79 64 50 64 211 114 238 121 230 132 
0213.png 65 102 79 64 50 64 211 114 238 121 230 132 
0214.png 77 100 69 59 40 74 201 110 228 112 218 127 
0215.png 77 100 69 59 40 74 201 110 228 112 218 127 
0216.png 83 100 74 48 50 67 188 104 203 114 212 107 
0217.png 83 100 74 48 50 67 188 104 203 114 212 107 
0218.png 83 100 74 48 50 67 188 104 203 114 212 107 
0219.png 83 99 75 55 45 71 176 100 190 111 201 102 
0220.png 83 99 75 55 45 71 176 100 190 111 201 102 
0221.png 95 98 55 70 85 55 162 98 178 110 187 101 
0222.png 95 98 55 70 85 55 162 98 178 110 187 101 
0223.png 109 93 70 64 100 51 148 97 174 100 164 113 
0224.png 107 91 71 64 100 51 151 99 163 110 172 102 
0225.png 121 86 114 45 86 60 136 97 160 100 151 109 
0226.png 121 86 114 45 86 60 136 97 160 100 151 109 
0227.png 137 88 98 53 125 39 137 88 154 104 142 111 
0228.png 137 88 98 53 125 39 137 88 154 104 142 111 
0229.png 149 85 113 59 142 44 120 90 139 105 123 112 
0230.png 149 85 111 58 142 44 120 90 140 104 123 112 
0231.png 164 87 128 59 155 44 106 93 125 108 109 116 
0232.png 164 87 128 59 155 44 106 93 125 108 109 116 
0233.png 177 84 139 57 170 42 92 107 106 118 95 123 
0234.png 177 84 139 56 170 43 92 107 106 118 95 123 
0235.png 177 84 139 56 170 43 92 107 106 118 95 123 
0236.png 191 83 183 40 157 55 78 99 100 114 83 120 
0237.png 191 83 183 40 157 55 78 99 100 114 83 120 
0238.png 192 80 208 40 175 39 63 95 86 112 68 117 
0239.png 192 80 208 40 175 39 63 95 86 112 68 117 
0240.png 199 86 214 40 186 40 49 92 67 107 52 115 
0241.png 199 86 214 40 186 40 49 92 67 107 52 115 
0242.png 209 77 226 39 191 37 45 85 67 101 49 107 
0243.png 209 77 226 39 191 37 45 85 67 101 49 107 
0244.png 221 77 237 36 202 36 44 76 65 91 48 98 
0245.png 221 77 202 36 237 36 44 76 65 91 48 98 
0246.png 227 74 332 64 231 36 44 76 65 91 48 98 
0247.png 227 84 264 57 233 42 46 61 66 77 50 83 
0248.png 227 84 264 57 233 42 46 61 66 77 50 83 
0249.png 227 84 264 57 233 42 46 61 66 77 50 83 
0250.png 230 90 266 64 236 48 54 56 72 70 59 77 
0251.png 230 90 266 64 236 48 54 56 72 70 59 77 
0252.png 232 96 270 70 242 56 70 53 64 76 75 78 
0253.png 232 96 270 70 242 56 70 53 64 76 75 78 
0254.png 234 96 268 69 239 55 70 53 64 78 75 77 
0255.png 235 104 270 77 244 62 69 73 85 73 76 50 
0256.png 235 104 270 77 244 62 69 73 85 73 76 50 
0257.png 238 111 275 84 247 68 87 42 95 66 78 65 
0258.png 238 111 275 84 247 68 87 42 95 66 78 65 
0259.png 241 117 278 90 250 75 93 36 87 56 103 56 
0260.png 241 117 278 90 250 75 93 36 87 56 103 56 
0261.png 245 124 282 97 253 81 105 35 113 52 95 51 
0262.png 245 124 282 97 253 81 105 35 113 52 95 51 
0263.png 248 129 287 102 256 90 114 33 124 48 106 48 
0264.png 248 129 287 102 256 90 114 33 106 48 124 48 
0265.png 260 106 250 136 290 117 132 35 128 65 111 53 
0266.png 259 106 252 135 290 117 132 35 128 65 110 54 
0267.png 261 102 289 116 253 145 141 34 138 64 120 53 
0268.png 261 102 289 116 253 145 141 34 138 64 120 53 
0269.png 258 149 296 121 265 108 148 36 143 58 129 50 
0270.png 258 149 296 121 265 108 148 36 143 58 129 50 
0271.png 258 149 293 123 265 107 148 36 143 58 129 50 
0272.png 256 154 301 148 285 123 157 37 155 60 139 51 
0273.png 256 154 301 148 285 123 157 37 155 60 139 51 
0274.png 257 162 302 155 286 128 168 36 163 59 148 50 
0275.png 257 162 302 155 286 128 168 36 163 59 148 50 
0276.png 257 170 304 162 288 137 176 37 173 61 158 51 
0277.png 257 170 304 162 288 137 176 37 173 61 158 51 
0278.png 308 170 257 178 288 153 185 38 183 62 168 52 
0279.png 308 170 257 178 288 153 185 38 183 62 168 52 
0280.png 263 182 309 177 292 150 197 37 192 61 177 52 
0281.png 263 182 309 177 292 150 197 37 192 61 177 52 
0282.png 263 189 311 183 294 159 184 54 202 65 205 39 
0283.png 263 189 311 183 294 159 184 54 202 65 205 39 
0284.png 265 197 312 190 296 164 217 39 212 61 197 52 
0285.png 265 197 312 190 296 164 217 39 212 61 197 52 
0286.png 256 207 305 197 290 172 225 39 220 62 207 54 
0287.png 255 208 305 197 289 171 225 39 220 62 207 54 
0288.png 255 208 305 197 289 171 225 39 220 62 207 54 
0289.png 249 208 295 200 281 173 234 41 232 64 214 56 
0290.png 249 208 295 200 281 173 234 41 232 65 217 54 
0291.png 237 210 285 202 268 174 223 56 241 63 245 40 
0292.png 237 210 285 202 268 174 223 56 241 63 245 40 
0293.png 225 211 273 200 258 177 253 41 251 62 234 55 
0294.png 225 211 273 200 258 177 253 41 251 62 234 55 
0295.png 215 209 264 201 247 175 264 42 242 54 260 65 
0296.png 215 209 264 201 247 175 264 42 242 54 260 65 
0297.png 210 207 240 172 256 199 283 39 274 69 253 58 
0298.png 210 207 240 172 256 199 283 39 274 69 253 58 
0299.png 198 189 242 199 248 176 284 41 264 57 277 65 
0300.png 198 189 242 199 248 176 284 41 263 57 278 65 
0301.png 197 177 250 158 237 191 271 63 287 68 295 45 
0302.png 197 177 243 160 239 191 273 61 290 71 291 47 
0303.png 198 165 243 152 243 180 277 69 293 78 296 54 
0304.png 198 165 243 152 243 180 277 69 293 78 296 54 
0305.png 198 165 243 152 243 180 277 69 293 78 296 54 
0306.png 206 157 240 173 240 180 277 69 293 78 296 54 
0307.png 206 157 240 173 240 135 298 72 278 81 264 75 
0308.png 199 150 244 164 245 135 298 72 278 81 264 75 
0309.png 200 149 244 164 245 135 296 74 279 82 265 75 
0310.png 194 139 241 152 242 123 296 80 280 99 273 85 
0311.png 194 139 241 152 242 123 296 80 280 99 273 85 
0312.png 196 131 244 144 244 115 294 87 274 105 268 91 
0313.png 196 131 244 144 244 115 294 87 274 105 268 91 
0314.png 195 122 234 137 234 109 288 94 270 112 264 99 
0315.png 195 122 234 137 234 109 288 94 270 112 264 99 
0316.png 199 115 242 99 242 130 279 101 267 118 259 105 
0317.png 199 115 242 99 242 130 279 101 267 118 259 105 
0318.png 185 106 228 120 230 93 279 108 263 125 253 110 
0319.png 185 106 228 120 230 93 279 108 263 125 253 110 
0320.png 162 101 208 85 206 113 274 117 258 131 247 116 
0321.png 162 101 208 85 206 113 274 117 258 131 247 116 
0322.png 162 101 208 85 206 113 274 117 258 131 247 116 
0323.png 150 92 197 78 198 107 271 122 255 138 244 123 
0324.png 150 92 197 78 198 107 271 122 255 138 244 123 
0325.png 151 84 194 100 193 71 263 128 240 133 249 145 
0326.png 151 84 193 71 194 100 263 128 249 145 243 132 
0327.png 146 77 190 91 191 61 261 136 246 152 231 136 
0328.png 146 77 190 91 191 61 261 136 246 152 231 136 
0329.png 150 69 188 85 188 55 258 141 242 158 234 146 
0330.png 150 69 188 85 188 55 258 141 242 158 234 146 
0331.png 144 49 191 53 172 74 257 146 228 154 237 166 
0332.png 144 49 191 53 172 74 254 147 228 154 237 165 
0333.png 135 44 183 53 167 76 249 155 232 173 224 160 
0334.png 135 44 183 53 167 76 249 155 232 173 224 160 
0335.png 131 41 161 75 177 48 243 172 228 180 220 173 
0336.png 131 41 161 75 177 48 243 172 228 180 220 173 
0337.png 126 38 153 70 173 45 240 169 224 187 216 174 
0338.png 126 38 154 71 172 44 240 169 224 187 216 174 
0339.png 126 38 153 70 173 45 240 169 224 187 216 174 
0340.png 120 35 166 40 148 67 233 186 211 194 210 178 
0341.png 120 35 166 40 148 67 233 186 211 194 210 178 
0342.png 111 30 142 58 159 37 213 176 213 197 228 185 
0343.png 111 30 142 58 159 37 213 176 213 197 228 185 
0344.png 107 27 137 59 153 34 218 191 195 199 194 185 
0345.png 107 27 137 59 153 34 218 191 195 199 194 185 
0346.png 99 30 130 63 147 37 210 183 191 194 191 174 
0347.png 99 30 130 63 147 37 210 183 191 194 191 174 
0348.png 101 34 131 65 149 39 201 196 174 190 184 177 
0349.png 101 34 131 65 149 39 201 196 174 190 184 177 
0350.png 100 33 131 66 149 42 190 190 170 174 159 186 
0351.png 100 33 131 66 149 42 190 190 170 174 159 186 
0352.png 102 39 133 72 150 45 177 188 150 185 161 169 
0353.png 102 39 133 72 150 45 177 188 150 185 161 169 
0354.png 101 44 133 76 150 52 166 185 151 168 139 181 
0355.png 101 44 133 76 150 52 166 185 151 168 139 181 
0356.png 101 44 133 76 150 52 166 185 151 168 139 181 
0357.png 94 56 125 81 141 62 154 182 139 167 130 178 
0358.png 94 56 125 81 141 62 154 182 139 167 130 178 
0359.png 104 53 133 84 152 60 147 186 127 170 118 182 
0360.png 104 53 135 86 150 60 147 186 127 170 118 182 
0361.png 105 57 134 89 153 63 133 180 108 177 116 167 
0362.png 105 57 134 89 153 63 133 180 108 177 116 167 
0363.png 107 57 142 91 116 107 116 164 100 146 91 158 
0364.png 108 57 142 91 114 108 116 164 100 146 91 158 
0365.png 110 63 148 92 118 105 110 149 94 133 85 145 
0366.png 110 63 148 92 118 105 110 149 94 133 85 145 
0367.png 100 70 137 96 107 114 97 139 73 136 83 127 
0368.png 100 70 137 96 107 114 97 139 73 136 83 127 
0369.png 95 76 131 104 102 117 86 137 62 134 71 121 
0370.png 95 76 131 104 102 117 86 137 62 134 71 121 
0371.png 125 109 87 80 96 123 84 128 62 135 62 121 
0372.png 125 109 87 80 96 123 84 128 62 121 62 135 
0373.png 125 109 87 80 96 123 84 128 62 121 62 135 
0374.png 82 98 120 120 91 132 77 120 58 128 58 113 
0375.png 82 98 120 120 91 132 77 120 58 128 58 113 
0376.png 82 106 119 132 90 147 72 113 52 122 53 105 
0377.png 81 104 118 133 90 147 72 113 52 122 53 105 
0378.png 102 121 87 154 120 157 67 105 50 114 50 99 
0379.png 102 121 87 154 120 157 67 105 50 114 50 99 
0380.png 103 135 87 174 119 177 64 92 44 107 45 82 
0381.png 103 135 87 174 119 177 64 92 44 107 45 82 
0382.png 107 150 93 191 121 192 83 97 58 104 58 90 
0383.png 107 150 93 191 121 192 83 97 58 104 58 90 
0384.png 116 166 137 207 100 204 96 96 72 104 71 89 
0385.png 116 166 137 207 100 204 96 96 72 104 71 89 
0386.png 136 166 120 208 153 208 107 96 84 103 86 89 
0387.png 137 169 120 208 153 208 107 96 84 103 86 89 
0388.png 154 168 140 208 172 208 98 87 96 102 121 94 
0389.png 154 168 140 208 172 208 98 87 96 102 121 94 
0390.png 163 170 149 203 181 202 111 86 112 101 135 93 
0391.png 163 170 147 201 181 202 135 93 112 101 111 86 
0392.png 163 170 147 201 181 202 135 93 112 101 111 86 
0393.png 174 174 157 214 190 215 124 75 123 100 138 86 
0394.png 174 174 157 214 190 215 124 75 123 100 138 86 
0395.png 202 176 165 202 194 218 157 92 137 99 139 84 
0396.png 202 176 165 202 194 218 157 92 137 99 139 84 
0397.png 210 177 173 205 202 220 175 90 152 98 152 83 
0398.png 210 177 174 205 202 219 175 90 152 98 152 83 
0399.png 218 181 192 204 214 221 188 90 163 97 164 83 
0400.png 218 181 192 204 214 221 188 90 163 97 164 83 
0401.png 195 193 208 216 243 185 199 89 179 97 175 80 
0402.png 243 185 208 216 195 193 199 89 178 97 177 81 
0403.png 252 179 218 212 204 187 208 88 190 96 191 81 
0404.png 252 179 218 212 204 187 208 88 191 81 190 96 
0405.png 259 174 228 207 212 181 227 87 203 95 205 79 
0406.png 259 174 228 207 213 182 227 87 203 95 204 79 
0407.png 282 157 240 200 223 169 240 86 217 79 218 93 
0408.png 282 157 240 200 223 169 240 86 217 79 218 93 
0409.png 282 157 240 200 223 169 240 86 217 79 218 93 
0410.png 287 152 232 163 249 195 259 84 230 94 231 78 
0411.png 287 152 232 163 249 195 259 84 230 94 231 78 
0412.png 288 156 256 189 241 165 261 80 238 89 240 72 
0413.png 288 156 256 189 241 165 261 80 238 89 240 72 
0414.png 295 150 250 159 266 183 279 73 254 82 252 62 
0415.png 295 150 250 159 266 183 279 73 254 82 252 62 
0416.png 303 152 274 178 261 157 283 67 259 76 260 59 
0417.png 303 152 274 178 261 157 283 67 259 76 260 59 
0418.png 262 181 263 153 304 166 289 69 266 78 268 62 
0419.png 262 181 263 153 304 166 289 69 266 78 268 62 
0420.png 308 157 262 145 259 172 295 71 271 77 272 63 
0421.png 308 157 260 171 263 145 298 71 272 78 272 62 
0422.png 305 150 261 134 259 163 301 80 284 62 274 76 
0423.png 305 150 261 134 259 163 301 80 284 62 274 76 
0424.png 306 140 260 124 259 156 304 84 288 67 277 79 
0425.png 308 140 260 126 260 155 304 83 288 67 278 79 
0426.png 308 140 260 126 260 155 304 83 288 67 278 79 
0427.png 308 132 259 147 258 117 314 89 289 83 297 71 
0428.png 308 132 259 147 258 117 314 89 289 83 297 71 
0429.png 307 123 258 139 258 108 319 89 301 73 294 86 
0430.png 307 123 258 139 258 108 319 89 301 73 294 86 
0431.png 304 116 258 101 258 131 321 99 302 84 316 77 
0432.png 304 116 258 101 258 131 321 99 302 84 316 77 
0433.png 306 107 258 94 256 123 327 102 307 88 323 82 
0434.png 306 107 258 94 256 123 327 102 307 88 323 82 
0435.png 301 99 256 115 257 84 321 111 329 88 313 87 
0436.png 301 99 256 115 257 84 321 109 331 88 313 87 
0437.png 299 90 254 104 256 76 321 120 310 98 329 99 
0438.png 299 90 254 104 256 76 321 120 310 98 329 99 
0439.png 305 82 256 93 256 69 319 128 311 108 327 109 
0440.png 305 82 256 93 256 69 327 109 311 108 319 128 
0441.png 300 74 255 85 255 58 318 142 308 120 327 120 
0442.png 300 74 255 85 255 58 318 142 308 120 327 120 
0443.png 300 74 255 85 255 58 318 142 308 120 327 120 
0444.png 298 70 252 81 252 56 317 152 324 131 307 130 
0445.png 298 70 252 81 252 56 317 152 324 131 307 130 
0446.png 292 67 248 78 248 52 316 162 307 140 323 142 
0447.png 292 67 248 78 248 52 316 162 307 140 323 142 
0448.png 243 53 243 81 291 65 315 174 307 151 323 153 
0449.png 243 53 243 81 291 65 315 174 307 151 323 153 
0450.png 243 53 243 81 291 65 315 174 307 151 323 153 
0451.png 277 80 249 50 234 73 313 185 306 163 322 163 
0452.png 265 79 239 48 222 72 313 195 322 174 304 173 
0453.png 265 79 239 48 222 72 313 195 322 174 304 173 
0454.png 259 78 228 45 212 70 312 205 320 185 303 184 
0455.png 259 78 228 45 212 70 312 205 320 185 303 184 
0456.png 251 75 199 69 217 45 303 210 306 189 320 197 
0457.png 251 75 199 69 217 45 303 210 306 189 320 197 
0458.png 238 74 207 44 190 67 301 211 306 188 320 197 
0459.png 238 74 207 44 190 67 301 211 306 188 320 197 
0460.png 238 74 207 44 190 67 301 211 306 188 320 197 
0461.png 221 71 198 38 178 66 291 212 308 196 316 207 
0462.png 221 71 198 38 178 66 291 212 308 196 316 207 
0463.png 217 75 185 40 168 65 291 212 308 196 314 208 
0464.png 217 75 185 40 168 65 291 212 308 196 314 208 
0465.png 204 72 174 40 157 63 278 212 293 195 302 209 
0466.png 205 73 175 39 156 64 278 212 293 194 301 209 
0467.png 190 71 146 64 165 36 261 214 290 208 280 195 
0468.png 190 71 146 64 165 36 261 214 290 208 280 195 
0469.png 184 70 152 36 136 62 251 211 266 194 275 208 
0470.png 184 70 152 36 136 62 251 211 266 194 275 208 
0471.png 170 67 142 35 124 60 235 213 261 207 254 194 
0472.png 170 67 142 35 124 60 235 213 261 207 254 194 
0473.png 160 66 130 34 115 59 224 212 240 195 248 208 
0474.png 160 66 130 34 115 59 224 212 240 195 248 208 
0475.png 151 66 121 32 103 57 207 212 227 195 235 207 
0476.png 151 66 121 32 103 57 207 212 227 195 235 207 
0477.png 151 66 121 32 103 57 207 212 227 195 235 207 
0478.png 140 64 108 32 92 57 197 211 220 207 213 194 
0479.png 140 64 108 32 92 57 197 211 220 207 213 194 
0480.png 130 64 99 30 79 55 183 211 200 191 208 207 
0481.png 133 64 98 31 79 55 183 211 198 193 206 207 
0482.png 118 61 90 33 74 55 168 212 192 207 186 193 
0483.png 118 62 90 33 74 56 169 212 186 193 193 207 
0484.png 107 60 80 31 60 54 156 211 172 194 181 208 
0485.png 107 60 80 31 60 54 156 211 172 194 181 208 
0486.png 102 64 73 35 53 58 139 212 158 194 165 208 
0487.png 102 64 73 35 53 58 139 212 158 194 165 208 
0488.png 99 65 68 34 51 59 126 212 151 208 145 194 
0489.png 97 66 69 34 51 60 128 211 151 207 144 195 
0490.png 95 70 66 38 49 63 115 211 130 193 138 207 
0491.png 95 70 66 38 49 63 115 211 130 193 138 207 
0492.png 82 84 46 58 76 44 100 212 123 209 117 193 
0493.png 82 84 46 58 76 44 100 212 123 209 117 193 
0494.png 82 84 46 58 76 44 99 212 123 209 118 195 
0495.png 85 94 49 69 77 53 88 211 111 208 103 194 
0496.png 85 94 49 69 77 53 88 211 111 208 103 194 
0497.png 90 105 80 63 52 77 74 211 90 195 97 207 
0498.png 90 105 80 63 52 77 74 211 90 195 97 207 
0499.png 91 114 83 73 54 86 61 210 83 207 77 194 
0500.png 91 114 83 73 54 86 61 210 83 207 77 194 
0501.png 95 123 87 81 58 96 46 211 64 194 70 207 
0502.png 95 123 87 81 58 96 46 211 64 194 70 207 
0503.png 98 132 89 92 59 105 34 202 60 195 57 208 
0504.png 98 132 89 92 59 105 34 202 60 195 57 208 
0505.png 98 132 89 92 59 105 34 202 60 195 57 208 
0506.png 101 143 61 114 93 101 35 198 57 189 57 206 
0507.png 101 143 61 114 93 101 35 198 57 189 57 206 
0508.png 103 151 95 110 67 123 35 185 61 179 61 192 
0509.png 103 153 67 124 95 109 36 185 60 176 61 192 
0510.png 105 162 69 133 98 118 41 173 66 165 63 180 
0511.png 105 162 68 133 98 118 41 173 65 165 63 180 
0512.png 111 172 74 148 101 132 44 160 70 150 67 168 
0513.png 111 172 74 148 101 132 44 160 70 150 67 168 
0514.png 111 172 74 148 101 132 44 160 70 150 67 168 
0515.png 113 189 106 150 76 163 51 135 77 125 75 142 
0516.png 113 189 106 150 76 163 51 135 77 125 75 142 
0517.png 113 189 106 150 76 163 51 135 77 125 75 142 
0518.png 115 198 107 156 76 170 54 122 81 114 80 129 
0519.png 115 198 107 156 76 170 54 122 81 114 80 130 
0520.png 118 207 109 166 78 179 63 109 87 101 85 117 
0521.png 118 207 109 166 78 179 63 109 87 101 85 117 
0522.png 118 207 109 166 78 179 63 109 87 101 85 117 
0523.png 120 216 80 188 110 176 66 96 89 102 92 88 
0524.png 120 216 80 188 110 176 66 96 89 102 92 88 
0525.png 123 213 88 189 115 174 73 84 95 76 94 92 
0526.png 123 213 88 189 115 174 71 84 95 77 94 92 
0527.png 128 217 91 187 119 174 74 72 97 64 97 78 
0528.png 128 217 91 187 119 174 74 72 97 64 97 78 
0529.png 137 219 99 187 127 173 78 59 103 51 101 66 
0530.png 136 219 98 188 127 173 78 59 103 51 101 66 
0531.png 127 217 143 176 109 174 82 47 106 38 105 53 
0532.png 127 217 143 176 109 174 82 47 106 38 105 53 
0533.png 141 213 122 178 158 179 93 49 111 32 118 46 
0534.png 141 213 122 178 158 179 93 49 111 32 118 46 
0535.png 171 180 135 178 155 211 103 54 120 36 125 51 
0536.png 171 180 135 178 155 211 103 54 120 36 125 51 
0537.png 169 210 153 176 186 176 111 59 134 56 127 42 
0538.png 169 210 153 176 186 176 111 59 134 56 127 42 
0539.png 169 210 153 176 186 176 111 59 134 56 127 42 
0540.png 183 209 199 172 168 171 120 64 135 47 144 61 
0541.png 183 209 199 172 168 171 120 64 135 47 144 61 
0542.png 197 207 214 172 181 171 128 69 145 52 150 66 
0543.png 197 207 214 172 181 171 128 69 153 66 143 53 
0544.png 212 206 228 164 197 167 135 74 158 72 152 57 
0545.png 212 206 228 164 197 167 135 74 158 72 152 57 
0546.png 226 203 241 164 209 164 143 80 161 61 167 75 
0547.png 226 203 241 164 209 164 143 80 161 61 167 75 
0548.png 240 202 256 164 220 160 152 85 175 80 169 67 
0549.png 240 202 256 164 220 160 152 85 175 80 169 67 
0550.png 253 202 270 162 237 160 159 91 185 86 178 73 
0551.png 253 202 270 162 237 160 159 91 185 86 178 73 
0552.png 268 198 284 159 251 160 170 95 194 91 186 78 
0553.png 268 198 284 159 251 160 170 95 194 91 186 78 
0554.png 281 198 298 158 266 157 177 100 193 84 203 97 
0555.png 281 200 298 159 266 157 177 100 193 84 203 97 
0556.png 281 200 298 159 266 157 177 100 195 83 202 97 
0557.png 296 198 312 156 279 156 186 105 203 87 210 101 
0558.png 296 198 312 156 279 156 186 105 203 87 210 101 
0559.png 303 189 285 149 319 150 196 110 211 94 219 107 
0560.png 303 189 285 149 319 150 196 110 211 93 219 107 
0561.png 305 185 321 146 288 145 203 115 229 110 218 99 
0562.png 305 185 321 146 288 145 203 115 229 110 218 99 
0563.png 307 178 320 140 287 133 210 121 227 103 234 117 
0564.png 307 178 320 140 287 133 210 121 227 103 234 117 
0565.png 286 129 322 133 305 170 217 126 242 121 236 107 
0566.png 286 129 305 170 322 133 217 126 241 121 235 108 
0567.png 319 128 304 167 285 128 225 132 242 115 254 126 
0568.png 319 128 304 167 285 128 225 132 242 115 254 126 
0569.png 300 166 317 124 283 124 232 142 258 134 251 122 
0570.png 300 166 317 124 283 124 232 142 258 134 251 122 
0571.png 297 161 278 122 313 121 237 148 255 130 262 145 
0572.png 297 161 278 122 313 121 237 148 255 130 262 145 
0573.png 297 161 278 122 313 121 237 148 255 130 262 145 
0574.png 277 148 315 122 285 105 246 156 269 155 261 140 
0575.png 277 148 315 122 285 105 246 156 269 155 261 140 
0576.png 278 144 286 103 313 119 249 167 275 163 268 149 
0577.png 278 144 286 103 313 119 249 167 275 163 268 149 
0578.png 263 140 298 115 269 99 262 174 278 158 287 172 
0579.png 261 143 297 114 270 99 262 174 285 172 278 158 
0580.png 246 138 282 109 255 95 268 184 293 179 286 167 
0581.png 246 138 282 109 255 95 268 184 293 179 286 167 
0582.png 237 129 273 103 244 89 276 192 292 175 300 189 
0583.png 237 129 273 103 244 89 276 192 292 175 300 189 
0584.png 227 124 262 98 236 82 282 200 308 198 299 184 
0585.png 227 124 262 98 236 82 282 200 308 198 299 184 
0586.png 219 118 254 92 226 75 280 206 299 187 306 201 
0587.png 219 118 254 92 226 75 280 206 306 201 299 187 
0588.png 209 112 246 87 218 70 290 213 307 196 315 209 
0589.png 209 112 246 87 218 70 290 213 307 196 315 209 
0590.png 209 112 246 87 218 70 290 213 307 196 315 209 
0591.png 201 109 238 81 210 66 299 221 323 218 315 206 
0592.png 201 109 238 81 210 66 299 221 323 218 315 206 
0593.png 192 103 228 76 200 60 307 229 322 213 331 227 
0594.png 192 103 228 76 200 60 307 229 322 213 331 227 
0595.png 184 96 222 68 190 54 331 221 333 224 330 222 
0596.png 184 96 222 68 190 54 331 221 333 224 330 222 
0597.png 175 90 212 63 182 49 NaN NaN NaN NaN NaN NaN 
0598.png 175 90 212 63 182 49 NaN NaN NaN NaN NaN NaN 
0599.png 164 85 203 58 175 43 NaN NaN NaN NaN NaN NaN 
0600.png 164 85 203 58 175 43 NaN NaN NaN NaN NaN NaN 
0601.png 157 79 193 52 164 36 NaN NaN NaN NaN NaN NaN 
0602.png 157 79 193 53 164 37 NaN NaN NaN NaN NaN NaN 
0603.png 147 73 185 46 157 32 NaN NaN NaN NaN NaN NaN 
0604.png 147 73 185 46 157 32 NaN NaN NaN NaN NaN NaN 
0605.png 139 67 176 40 146 25 NaN NaN NaN NaN NaN NaN 
0606.png 139 67 176 40 146 25 NaN NaN NaN NaN NaN NaN 
0607.png 139 67 176 40 146 25 NaN NaN NaN NaN NaN NaN 
0608.png 130 60 168 34 139 21 NaN NaN NaN NaN NaN NaN 
0609.png 130 60 168 34 139 21 NaN NaN NaN NaN NaN NaN 
0610.png 123 52 128 9 159 26 NaN NaN NaN NaN NaN NaN