[[1], 
[2], 
[3], 
[4], 
[5], 
[6], 
[7], 
[8], 
[9], 
[10], 
[11], 
[12], 
[13], 
[14], 
[15], 
[16], 
[17], 
[18], 
[19], 
[20], 
[21], 
[22], 
[23], 
[24], 
[25], 
[26], 
[27], 
[28], 
[29], 
[30], 
[31], 
[32], 
[33], 
[34], 
[35], 
[36], 
[37], 
[38], 
[39], 
[40], 
[41], 
[42], 
[43], 
[44], 
[45], 
[46], 
[47], 
[48], 
[49], 
[50], 
[51], 
[52], 
[53], 
[54], 
[55], 
[56], 
[57], 
[58], 
[4, 35 ],
[6, 20 ],
[21, 31 ],
[1, 47 ],
[8, 48 ],
[13, 34 ],
[14, 28 ],
[9, 37 ],
[7, 23 ],
[32, 39 ],
[18, 25 ],
[45, 51 ],
[40, 49 ],
[22, 27 ],
[3, 46 ],
[24, 30 ],
[33, 8, 48 ],
[36, 50 ],
[2, 5 ],
[11, 41 ],
[19, 7, 23 ],
[12, 42 ],
[15, 26 ],
[55, 57 ],
[43, 40, 49 ],
[21, 31, 19, 7, 23 ],
[10, 38 ],
[6, 20, 14, 28 ],
[13, 34, 9, 37 ],
[29, 18, 25 ],
[44, 1, 47 ],
[53, 58 ],
[4, 35, 10, 38 ],
[52, 56 ],
[33, 8, 48, 11, 41 ],
[24, 30, 6, 20, 14, 28 ],
[13, 34, 9, 37, 4, 35, 10, 38 ],
[16, 15, 26 ],
[55, 57, 53, 58 ],
[3, 46, 12, 42 ],
[22, 27, 21, 31, 19, 7, 23 ],
[32, 39, 13, 34, 9, 37, 4, 35, 10, 38 ],
[52, 56, 55, 57, 53, 58 ],
[24, 30, 6, 20, 14, 28, 22, 27, 21, 31, 19, 7, 23 ],
[33, 8, 48, 11, 41, 3, 46, 12, 42 ],
[36, 50, 43, 40, 49 ],
[54, 52, 56, 55, 57, 53, 58 ],
[17, 16, 15, 26 ],
[2, 5, 32, 39, 13, 34, 9, 37, 4, 35, 10, 38 ],
[44, 1, 47, 36, 50, 43, 40, 49 ],
[33, 8, 48, 11, 41, 3, 46, 12, 42, 44, 1, 47, 36, 50, 43, 40, 49 ],
[29, 18, 25, 17, 16, 15, 26 ],
[45, 51, 33, 8, 48, 11, 41, 3, 46, 12, 42, 44, 1, 47, 36, 50, 43, 40, 49 ],
[2, 5, 32, 39, 13, 34, 9, 37, 4, 35, 10, 38, 45, 51, 33, 8, 48, 11, 41, 3, 46, 12, 42, 44, 1, 47, 36, 50, 43, 40, 49 ],
[24, 30, 6, 20, 14, 28, 22, 27, 21, 31, 19, 7, 23, 29, 18, 25, 17, 16, 15, 26 ],
[54, 52, 56, 55, 57, 53, 58, 2, 5, 32, 39, 13, 34, 9, 37, 4, 35, 10, 38, 45, 51, 33, 8, 48, 11, 41, 3, 46, 12, 42, 44, 1, 47, 36, 50, 43, 40, 49 ],
[24, 30, 6, 20, 14, 28, 22, 27, 21, 31, 19, 7, 23, 29, 18, 25, 17, 16, 15, 26, 54, 52, 56, 55, 57, 53, 58, 2, 5, 32, 39, 13, 34, 9, 37, 4, 35, 10, 38, 45, 51, 33, 8, 48, 11, 41, 3, 46, 12, 42, 44, 1, 47, 36, 50, 43, 40, 49 ]
]