[[1], 
[2], 
[3], 
[4], 
[5], 
[6], 
[7], 
[8], 
[9], 
[10], 
[11], 
[12], 
[13], 
[14], 
[15], 
[16], 
[17], 
[18], 
[19], 
[20], 
[21], 
[22], 
[23], 
[24], 
[25], 
[26], 
[27], 
[28], 
[29], 
[30], 
[31], 
[32], 
[33], 
[34], 
[35], 
[36], 
[37], 
[38], 
[39], 
[40], 
[41], 
[42], 
[43], 
[44], 
[45], 
[46], 
[47], 
[48], 
[49], 
[50], 
[51], 
[52], 
[53], 
[54], 
[55], 
[56], 
[57], 
[58], 
[37, 47 ],
[21, 31 ],
[42, 45 ],
[22, 29 ],
[3, 11 ],
[17, 19 ],
[56, 57 ],
[1, 46 ],
[26, 30 ],
[43, 37, 47 ],
[4, 5 ],
[15, 16 ],
[36, 1, 46 ],
[2, 42, 45 ],
[38, 39 ],
[44, 48 ],
[50, 51 ],
[6, 7 ],
[27, 21, 31 ],
[34, 35 ],
[18, 28 ],
[24, 25 ],
[10, 23 ],
[20, 26, 30 ],
[52, 54 ],
[49, 38, 39 ],
[18, 28, 20, 26, 30 ],
[58, 56, 57 ],
[53, 55 ],
[36, 1, 46, 2, 42, 45 ],
[22, 29, 27, 21, 31 ],
[3, 11, 10, 23 ],
[32, 33 ],
[18, 28, 20, 26, 30, 22, 29, 27, 21, 31 ],
[52, 54, 53, 55 ],
[12, 13 ],
[43, 37, 47, 36, 1, 46, 2, 42, 45 ],
[40, 41 ],
[44, 48, 43, 37, 47, 36, 1, 46, 2, 42, 45 ],
[17, 19, 18, 28, 20, 26, 30, 22, 29, 27, 21, 31 ],
[15, 16, 24, 25 ],
[4, 5, 3, 11, 10, 23 ],
[8, 6, 7 ],
[34, 35, 32, 33 ],
[9, 8, 6, 7 ],
[14, 15, 16, 24, 25 ],
[50, 51, 58, 56, 57 ],
[4, 5, 3, 11, 10, 23, 34, 35, 32, 33 ],
[49, 38, 39, 12, 13 ],
[52, 54, 53, 55, 50, 51, 58, 56, 57 ],
[17, 19, 18, 28, 20, 26, 30, 22, 29, 27, 21, 31, 4, 5, 3, 11, 10, 23, 34, 35, 32, 33 ],
[40, 41, 49, 38, 39, 12, 13 ],
[44, 48, 43, 37, 47, 36, 1, 46, 2, 42, 45, 40, 41, 49, 38, 39, 12, 13 ],
[9, 8, 6, 7, 17, 19, 18, 28, 20, 26, 30, 22, 29, 27, 21, 31, 4, 5, 3, 11, 10, 23, 34, 35, 32, 33 ],
[14, 15, 16, 24, 25, 9, 8, 6, 7, 17, 19, 18, 28, 20, 26, 30, 22, 29, 27, 21, 31, 4, 5, 3, 11, 10, 23, 34, 35, 32, 33 ],
[52, 54, 53, 55, 50, 51, 58, 56, 57, 14, 15, 16, 24, 25, 9, 8, 6, 7, 17, 19, 18, 28, 20, 26, 30, 22, 29, 27, 21, 31, 4, 5, 3, 11, 10, 23, 34, 35, 32, 33 ],
[44, 48, 43, 37, 47, 36, 1, 46, 2, 42, 45, 40, 41, 49, 38, 39, 12, 13, 52, 54, 53, 55, 50, 51, 58, 56, 57, 14, 15, 16, 24, 25, 9, 8, 6, 7, 17, 19, 18, 28, 20, 26, 30, 22, 29, 27, 21, 31, 4, 5, 3, 11, 10, 23, 34, 35, 32, 33 ]
]