0024.png 189 68 204 26 173 27 78 208 106 201 104 217 
0025.png 187 81 206 44 170 42 68 208 94 200 93 216 
0026.png 186 100 202 59 170 57 57 209 82 200 82 216 
0027.png 186 116 169 75 203 75 49 208 70 198 71 217 
0028.png 186 135 167 96 204 96 42 199 70 202 59 216 
0029.png 187 143 204 103 171 102 36 197 63 200 52 214 
0030.png 186 149 204 109 170 108 37 190 58 205 41 213 
0031.png 187 158 203 116 170 117 35 184 56 200 40 208 
0032.png 188 164 203 123 170 123 43 178 51 201 32 201 
0033.png 188 172 203 132 169 129 43 170 51 193 32 193 
0034.png 186 180 202 140 169 138 43 162 51 186 32 186 
0035.png 186 189 167 147 202 149 33 178 50 179 41 158 
0036.png 185 197 200 156 167 156 42 150 54 171 34 171 
0037.png 165 165 183 205 200 166 42 141 53 163 34 162 
0038.png 166 172 198 176 183 217 35 152 53 155 43 131 
0039.png 172 217 210 190 181 174 42 122 52 145 34 144 
0040.png 155 211 186 179 202 205 43 114 52 137 33 136 
0041.png 148 213 195 206 177 180 41 105 51 128 33 128 
0042.png 132 216 183 206 168 180 41 97 51 120 33 120 
0043.png 126 217 173 210 158 182 41 90 51 113 33 111 
0044.png 113 217 145 183 162 211 43 81 52 104 33 103 
0045.png 100 204 150 217 150 188 42 72 51 96 34 96 
0046.png 99 202 140 219 143 188 43 66 51 88 33 88 
0047.png 90 204 135 217 135 188 62 66 56 90 42 81 
0048.png 82 204 127 218 128 189 72 73 54 91 46 77 
0049.png 74 203 118 218 119 187 78 81 52 90 55 73 
0050.png 65 203 109 218 110 187 89 80 63 89 65 73 
0051.png 57 203 102 219 100 188 97 80 71 88 74 73 
0052.png 45 203 91 216 92 187 109 80 83 88 83 71 
0053.png 83 188 80 217 34 203 117 79 92 88 92 71 
0054.png 36 188 64 220 82 195 117 79 90 89 93 71 
0055.png 34 174 42 215 72 201 127 79 101 87 102 70 
0056.png 48 167 32 210 65 210 137 78 111 85 112 69 
0057.png 48 159 65 202 32 202 145 78 122 87 122 70 
0058.png 49 152 65 195 31 195 155 79 131 87 132 69 
0059.png 31 189 65 189 47 150 163 79 141 70 140 86 
0060.png 31 181 63 182 48 140 175 78 150 71 149 86 
0061.png 31 174 68 174 49 133 185 78 159 86 160 71 
0062.png 48 125 67 165 31 165 194 79 168 87 169 71 
0063.png 49 118 64 158 32 157 204 79 177 86 179 71 
0064.png 49 108 64 150 31 150 212 79 187 87 189 71 
0065.png 48 101 66 141 31 141 213 86 197 67 188 82 
0066.png 50 94 67 134 34 133 202 99 209 76 191 76 
0067.png 49 86 67 127 33 127 199 107 209 85 189 84 
0068.png 51 78 68 119 33 118 198 113 188 91 206 93 
0069.png 67 110 51 70 32 112 196 122 186 100 205 101 
0070.png 33 103 51 62 67 104 196 132 205 110 186 109 
0071.png 51 55 34 93 69 97 194 138 183 115 204 117 
0072.png 52 47 68 89 34 88 194 146 203 123 185 122 
0073.png 51 41 69 81 33 81 193 155 183 133 202 134 
0074.png 51 33 69 73 33 73 192 169 184 146 201 147 
0075.png 67 84 40 68 75 40 192 178 183 156 201 156 
0076.png 93 54 61 89 46 62 192 190 182 168 200 169 
0077.png 114 75 68 60 67 91 191 201 182 178 201 179 
0078.png 123 75 76 61 75 90 191 211 181 187 200 189 
0079.png 130 74 85 60 84 91 181 216 200 202 185 194 
0080.png 139 77 93 61 93 91 166 217 185 197 192 213 
0081.png 148 71 102 57 101 88 156 210 182 201 181 216 
0082.png 157 67 111 52 110 83 146 209 170 200 170 217 
0083.png 165 63 118 49 118 78 135 208 159 201 159 217 
0084.png 174 63 128 77 128 48 124 208 148 200 148 217 
0085.png 140 78 140 48 184 63 114 208 136 216 139 199 
0086.png 191 85 159 53 141 77 99 209 126 217 126 201 
0087.png 188 101 151 72 179 59 89 208 115 217 116 201 
0088.png 191 108 181 66 152 81 78 208 106 201 104 217 
0089.png 192 111 151 84 182 70 68 208 94 200 93 216 
0090.png 193 117 184 75 154 90 57 209 82 200 82 216 
0091.png 196 129 186 86 158 100 49 208 70 198 71 217 
0092.png 186 135 167 96 204 96 42 199 70 202 59 216 
0093.png 187 143 204 103 171 102 36 197 63 200 52 214 
0094.png 187 152 203 109 170 108 37 190 58 205 41 213 
0095.png 186 159 203 116 170 117 35 184 56 200 40 208 
0096.png 188 164 203 123 170 123 43 178 51 201 32 201 
0097.png 188 172 169 129 203 132 43 170 51 193 32 193 
0098.png 186 180 169 138 202 140 43 162 51 186 32 186 
0099.png 186 189 167 147 202 149 33 178 50 179 41 158 
0100.png 185 197 200 156 167 156 42 150 54 171 34 171 
0101.png 165 165 183 205 200 166 42 141 53 163 34 162 
0102.png 183 217 198 176 166 172 35 152 53 155 43 131 
0103.png 172 217 210 190 181 174 42 122 52 145 34 144 
0104.png 155 211 186 179 202 205 43 114 52 137 33 136 
0105.png 148 213 195 206 177 180 41 105 51 128 33 128 
0106.png 132 216 183 206 168 180 41 97 51 120 33 120 
0107.png 126 217 173 210 158 182 41 90 51 113 33 111 
0108.png 113 217 145 183 162 211 43 81 52 104 33 103 
0109.png 100 204 150 217 150 188 42 72 51 96 34 96 
0110.png 99 202 140 219 143 188 43 66 51 89 33 87 
0111.png 90 204 135 217 135 188 62 66 56 90 42 81 
0112.png 82 204 127 218 128 189 72 73 54 91 46 77 
0113.png 74 203 118 218 119 187 78 81 52 90 55 73 
0114.png 65 203 109 218 110 187 89 80 63 89 65 73 
0115.png 57 203 102 219 100 188 97 80 71 88 74 73 
0116.png 45 203 91 216 92 187 109 80 83 88 83 71 
0117.png 83 188 80 217 34 203 117 79 92 88 92 71 
0118.png 36 188 64 220 82 195 117 79 90 89 93 71 
0119.png 34 174 42 215 72 201 127 79 101 87 102 70 
0120.png 48 167 32 210 65 210 137 78 111 85 112 69 
0121.png 48 159 65 202 32 202 145 78 122 87 122 70 
0122.png 49 152 65 195 31 195 155 79 131 87 132 69 
0123.png 31 189 65 189 47 150 163 79 141 70 140 86 
0124.png 31 181 63 182 48 140 175 78 150 71 149 86 
0125.png 31 174 68 174 49 134 183 78 159 88 160 71 
0126.png 48 125 67 165 31 165 194 79 168 87 169 71 
0127.png 49 118 64 158 32 157 204 79 177 86 179 71 
0128.png 48 109 64 150 31 150 212 79 187 87 189 71 
0129.png 48 101 66 141 31 141 196 72 195 89 221 79 
0130.png 50 94 67 134 34 133 229 79 203 89 205 72 
0131.png 49 86 67 127 33 127 237 80 213 88 214 71 
0132.png 51 78 68 119 33 118 248 80 223 88 225 73 
0133.png 51 70 33 111 67 111 253 91 225 88 235 74 
0134.png 51 62 66 102 33 103 263 95 246 78 237 91 
0135.png 68 96 51 55 33 96 273 101 254 82 245 95 
0136.png 35 87 52 47 68 89 281 105 263 87 253 101 
0137.png 51 41 70 84 33 80 287 110 271 92 260 106 
0138.png 34 70 51 33 70 76 298 116 269 111 278 97 
0139.png 75 40 33 73 68 79 305 121 287 103 276 117 
0140.png 93 54 61 89 46 62 314 125 287 121 297 107 
0141.png 116 74 68 62 67 91 320 133 294 130 304 116 
0142.png 123 75 75 90 76 61 326 137 300 135 311 120 
0143.png 126 75 84 91 85 61 340 149 323 143 335 144 
0144.png 139 77 93 91 93 61 325 156 333 132 316 131 
0145.png 145 72 101 88 102 55 325 162 333 139 315 140 
0146.png 157 67 111 52 110 83 325 170 333 147 315 147 
0147.png 165 63 118 49 118 78 325 178 316 158 334 157 
0148.png 174 63 128 77 128 48 325 188 316 167 334 166 
0149.png 184 63 140 48 140 78 326 193 315 170 334 171 
0150.png 184 63 140 48 140 78 326 199 336 177 317 177 
0151.png 184 63 140 48 140 78 326 206 336 183 318 183 
0152.png 184 63 140 48 140 78 326 212 318 191 336 190 
0153.png 196 63 151 49 151 79 326 217 317 195 335 195 
0154.png 208 65 163 81 165 50 316 222 336 206 322 197 
0155.png 229 69 177 83 177 54 311 218 327 201 336 215 
0156.png 236 72 192 56 189 87 305 221 324 202 333 217 
0157.png 250 72 202 86 203 58 303 221 319 204 329 217 
0158.png 260 73 214 59 215 88 299 214 324 207 324 223 
0159.png 270 75 226 61 225 91 292 215 306 219 297 213 
0160.png 283 77 238 63 237 93 286 216 313 207 312 224 
0161.png 294 95 264 63 246 88 283 215 292 219 276 217 
0162.png 304 103 273 71 256 95 274 217 299 223 298 208 
0163.png 310 113 278 78 262 104 267 217 271 216 279 220 
0164.png 314 120 285 88 266 113 263 217 287 208 287 226 
0165.png 321 130 288 97 272 121 254 217 269 221 259 215 
0166.png 326 134 295 101 278 128 245 217 274 210 274 225 
0167.png 327 141 316 100 288 113 243 218 268 210 268 226 
0168.png 328 145 320 103 290 118 239 219 262 208 261 226 
0169.png 334 150 324 109 294 122 231 218 255 211 255 227 
0170.png 321 158 305 116 338 117 223 218 250 209 248 226 
0171.png 321 158 305 116 338 117 219 218 243 209 243 226 
0173.png 325 161 335 121 307 122 204 218 230 209 229 225 
0174.png 325 161 335 121 307 122 198 217 225 210 224 225 
0175.png 325 171 327 167 324 168 326 174 358 265 309 251 
0176.png 325 171 309 228 348 236 325 171 309 228 348 236 
0177.png 326 180 337 138 318 151 198 207 214 224 229 213 
0178.png 326 185 336 148 318 159 204 201 223 216 208 227 
0179.png 326 191 336 152 318 163 208 227 223 216 204 201 
0180.png 327 199 336 158 318 166 201 195 221 210 205 219 
0181.png 327 205 338 164 318 172 201 195 222 211 205 219 
0182.png 327 213 339 173 318 179 196 191 217 206 201 212 
0183.png 327 216 337 179 318 184 201 211 218 206 196 191 
0184.png 311 221 215 302 239 429 311 221 215 302 239 429 
0185.png 311 221 212 304 237 435 311 221 212 304 237 435 
0186.png 311 221 209 306 238 432 311 221 209 306 238 432 
0187.png 298 222 190 241 205 303 298 222 190 241 205 303 
0188.png 298 222 346 213 317 206 165 158 167 170 187 173 
0189.png 298 222 344 214 318 205 154 145 176 161 159 169 
0190.png 279 217 298 220 288 215 294 214 311 222 276 217 
0191.png 279 217 297 220 288 215 303 212 329 225 276 217 
0192.png 282 215 287 219 275 217 286 214 132 118 150 246 
0193.png 275 217 286 218 281 215 286 214 296 221 271 218 
0194.png 273 216 280 218 276 216 283 213 298 223 267 216 
0195.png 273 216 288 220 280 215 283 213 297 223 267 216 
0196.png 267 218 297 223 284 214 306 209 125 228 93 76 
0197.png 267 218 338 230 305 209 82 64 104 79 88 87 
0198.png 261 217 289 222 278 214 290 211 100 244 76 55 
0199.png 256 218 279 222 270 215 281 212 104 253 64 49 
0200.png 253 218 274 222 266 215 276 212 56 40 92 248 
0201.png 248 217 298 229 275 211 51 37 81 253 287 209 
0202.png 242 218 284 226 267 212 41 28 94 242 274 211 
0203.png 240 219 281 228 263 213 35 24 81 258 274 210 
0204.png 231 218 245 221 240 216 258 213 276 227 231 218 
0205.png 227 218 -250 126 -2411 828 227 218 -250 126 -2411 828 
0208.png 213 219 259 229 240 212 40 52 50 30 31 29 
0209.png 254 229 237 213 211 220 54 44 611 152 204 217 
0210.png 202 217 226 223 218 214 227 213 594 141 75 50 
0211.png 197 219 239 230 224 213 83 56 621 122 233 211 
0212.png 238 228 224 212 198 221 97 65 528 148 234 211 
0213.png 173 188 205 220 222 195 111 71 82 66 93 53 
0214.png 173 188 205 220 222 195 122 78 95 74 105 60 
0215.png 173 188 205 220 222 195 134 85 119 68 108 82 
0216.png 164 178 196 212 213 187 148 93 132 74 122 87 
0217.png 153 170 204 180 188 205 158 95 131 90 141 76 
0219.png 134 148 185 159 167 184 177 104 160 87 150 100 
0220.png 128 141 160 175 179 150 191 108 164 102 174 90 
0221.png 131 136 137 178 167 164 201 112 174 107 183 94 
0222.png 118 127 129 171 158 157 209 115 193 97 183 111 
0223.png 108 118 146 149 117 163 220 119 204 101 193 115 
0224.png 99 113 110 155 139 142 231 125 202 120 213 107 
0225.png 99 113 110 155 139 142 231 125 202 120 213 107 
0226.png 83 95 121 125 91 137 250 122 225 129 225 114 
0227.png 65 83 104 112 75 127 262 122 235 131 237 115 
0228.png 63 74 100 102 70 116 271 122 246 131 246 113 
0229.png 55 58 66 102 95 89 281 122 256 131 256 114 
0230.png 55 58 66 102 95 89 291 122 266 131 267 113 
0231.png 64 49 80 91 48 87 301 122 278 131 278 113 
0232.png 64 49 81 93 47 89 315 122 290 115 288 130 
0233.png 87 51 78 95 50 79 322 111 302 131 294 116 
0234.png 87 51 78 95 50 79 323 107 317 131 301 122 
0235.png 97 48 63 81 48 56 313 106 323 128 305 127 
0236.png 97 48 63 81 48 56 299 107 306 131 323 124 
0237.png 98 60 54 76 54 46 293 112 311 129 320 115 
0238.png 109 61 64 76 64 46 284 119 308 110 308 126 
0239.png 116 61 73 76 73 46 273 119 298 110 296 127 
0240.png 128 61 83 76 83 46 259 118 283 126 283 110 
0241.png 138 60 92 46 92 76 246 119 271 112 271 127 
0242.png 147 60 102 46 102 76 230 129 248 111 255 126 
0243.png 157 60 112 46 112 76 207 131 233 127 225 112 
0244.png 166 60 122 75 122 46 198 137 224 135 213 120 
0245.png 176 61 131 45 131 77 186 143 210 142 202 125 
0246.png 185 60 141 76 141 46 170 153 190 135 197 148 
0247.png 201 83 167 49 151 72 160 159 178 141 187 155 
0248.png 201 83 167 49 151 72 147 167 164 150 172 162 
0249.png 201 99 192 56 163 70 138 171 155 151 162 166 
0250.png 201 99 192 56 163 70 124 176 143 158 151 173 
0251.png 188 112 204 72 170 72 110 181 128 165 136 179 
0252.png 187 134 204 94 170 93 98 188 113 170 122 184 
0253.png 187 157 203 115 169 114 82 194 100 176 109 189 
0254.png 188 178 203 136 168 135 67 201 84 182 93 197 
0255.png 188 178 203 136 168 135 67 201 84 182 93 197 
0256.png 169 200 205 174 176 158 46 198 70 189 70 206 
0257.png 169 200 205 174 176 158 44 192 71 197 62 210 
0258.png 159 203 191 169 207 195 42 188 64 202 46 211 
0259.png 159 203 191 169 207 195 42 184 51 207 34 206 
0260.png 142 190 190 204 189 175 34 197 53 198 43 176 
0261.png 142 190 190 204 189 175 44 165 52 189 34 188 
0262.png 134 192 180 176 179 206 34 180 53 181 44 157 
0263.png 123 191 171 177 169 206 44 148 52 170 35 169 
0264.png 113 191 159 207 159 177 44 139 52 161 34 160 
0265.png 106 192 149 207 150 177 54 135 49 159 34 150 
0266.png 89 192 138 204 138 177 39 140 54 149 58 125 
0267.png 79 193 127 205 129 178 66 115 62 138 47 128 
0268.png 75 193 118 209 120 177 73 103 70 128 54 119 
0269.png 60 192 108 178 108 209 82 91 79 118 64 110 
0270.png 50 192 96 178 98 208 93 83 88 107 73 99 
0271.png 50 172 78 206 95 181 103 73 99 97 83 87 
0272.png 50 172 81 209 88 179 114 62 95 78 110 86 
0273.png 52 159 89 187 61 203 138 62 119 80 111 67 
0274.png 52 159 89 187 61 203 150 58 131 77 123 63 
0275.png 64 151 46 192 80 192 160 56 142 73 134 59 
0276.png 64 143 46 184 80 184 175 52 155 71 148 58 
0277.png 48 177 81 179 64 134 183 60 157 67 158 51 
0278.png 48 177 81 179 64 134 198 71 180 52 171 67 
0279.png 84 139 78 181 48 166 205 79 188 61 179 74 
0280.png 91 131 54 158 82 175 214 86 190 82 198 68 
0281.png 92 122 55 149 84 166 223 93 196 90 207 76 
0282.png 100 109 92 153 64 136 229 103 203 99 212 86 
0283.png 104 102 68 129 95 145 235 108 218 90 209 104 
0284.png 105 96 67 122 97 139 248 101 223 110 223 94 
0285.png 108 91 67 117 98 134 258 102 233 110 234 93 
0286.png 111 88 76 116 103 132 270 101 245 110 245 94 
0287.png 114 84 107 128 77 111 280 96 254 105 256 89 
0288.png 114 84 107 128 77 111 289 84 271 102 261 87 
0289.png 125 90 95 123 78 97 290 76 285 99 268 91 
0290.png 124 91 95 123 78 96 293 65 289 89 272 80 
0291.png 133 84 103 119 87 91 298 56 296 80 278 69 
0292.png 142 78 109 112 93 85 307 42 299 68 285 59 
0293.png 150 90 102 76 102 106 294 33 302 56 285 56 
0294.png 154 91 108 75 108 105 278 32 299 46 282 55 
0295.png 158 89 112 74 114 105 271 28 292 44 276 51 
0296.png 165 88 119 75 118 106 266 25 282 42 291 29 
0297.png 169 90 125 75 124 105 256 31 282 22 282 39 
0298.png 176 89 131 74 130 104 251 31 276 22 275 39 
0299.png 184 88 137 73 136 103 231 30 257 38 257 22 
0300.png 187 88 143 71 140 103 220 32 245 23 245 39 
0301.png 192 86 148 74 146 103 205 29 231 22 231 37 
0302.png 198 87 153 72 153 103 197 30 220 21 220 39 
0303.png 202 86 159 71 159 103 207 38 209 23 179 30 
0304.png 212 86 165 72 163 102 166 32 192 23 191 40 
0305.png 214 85 169 102 170 71 154 31 178 24 179 40 
0306.png 222 86 176 70 175 100 141 31 164 23 163 40 
0307.png 225 84 181 100 182 69 127 28 151 36 152 20 
0308.png 235 84 188 70 187 101 115 29 139 36 140 21 
0309.png 237 84 192 98 194 68 104 36 129 29 129 44 
0310.png 246 83 197 101 200 70 96 55 113 36 122 51 
0311.png 251 83 204 68 205 97 92 66 96 42 111 52 
0312.png 254 61 206 68 221 95 83 77 89 53 104 61 
0313.png 253 50 217 79 245 95 83 85 72 63 92 63 
0314.png 216 90 250 90 236 48 83 96 75 73 93 74 
0315.png 217 46 227 90 256 75 85 105 75 82 94 83 
0316.png 207 46 238 79 255 54 97 105 70 99 81 86 
0317.png 185 56 235 42 234 70 108 111 92 93 82 107 
0318.png 176 57 221 71 223 41 119 119 101 101 91 115 
0319.png 161 56 207 69 208 39 129 129 101 123 111 111 
0320.png 147 54 196 41 195 69 141 141 113 136 124 124 
0321.png 137 54 182 68 184 38 153 149 136 132 126 145 
0322.png 121 53 167 67 169 37 166 160 136 155 146 141 
0323.png 109 53 155 66 157 37 173 165 148 160 157 147 
0324.png 96 52 143 66 145 37 186 175 169 158 160 171 
0325.png 85 51 129 67 130 37 196 184 171 181 181 167 
0326.png 112 39 126 66 81 72 187 191 176 169 195 171 
0327.png 75 87 112 61 83 44 167 194 172 170 188 178 
0328.png 85 107 102 66 69 66 153 204 174 187 160 178 
0329.png 97 108 88 66 57 80 144 202 160 184 169 199 
0330.png 113 120 73 92 103 78 131 205 148 185 157 201 
0331.png 126 125 88 96 118 81 131 205 148 185 157 201 
0332.png 145 136 106 106 134 93 121 197 144 206 144 190 
0333.png 157 147 150 106 119 120 105 199 131 190 130 206 
0334.png 175 167 164 124 136 137 92 198 118 190 118 206 
0335.png 181 177 173 134 143 149 81 197 105 187 105 204 
0336.png 173 188 190 147 156 147 74 185 102 189 91 203 
0337.png 155 192 193 165 163 151 64 179 79 196 89 182 
0338.png 143 192 173 158 189 186 48 171 76 174 66 189 
0339.png 128 180 174 195 174 166 47 159 49 181 65 172 
0340.png 115 183 159 167 161 197 40 171 56 171 48 149 
0341.png 106 182 150 167 149 197 49 140 59 162 41 162 
0342.png 90 183 138 195 138 168 49 132 59 155 40 155 
0343.png 85 183 130 197 129 168 65 129 59 155 44 146 
0344.png 76 183 121 197 120 168 72 125 68 148 53 139 
0345.png 64 170 92 202 109 176 76 122 71 146 56 137 
0346.png 74 161 112 189 80 201 86 115 82 139 67 130 
0347.png 87 151 103 194 69 191 107 104 103 128 87 119 
0348.png 86 148 105 188 71 185 123 86 118 110 103 102 
0349.png 100 143 62 170 92 185 132 81 127 105 111 97 
0350.png 107 130 67 162 95 176 138 71 134 94 118 85 
0351.png 108 121 71 152 99 168 146 56 141 81 126 72 
0352.png 108 114 72 141 100 158 160 56 142 73 134 59 
0353.png 113 102 105 145 77 130 175 52 155 71 148 58 
0354.png 120 91 111 134 82 118 183 60 157 67 158 51 
0355.png 130 83 121 125 92 111 198 71 180 52 171 67 
0356.png 136 73 99 102 127 115 205 79 188 61 179 74 
0357.png 144 60 135 106 107 89 214 86 190 82 198 68 
0358.png 152 51 114 79 143 97 223 93 196 90 207 76 
0359.png 162 45 122 76 153 84 230 104 212 86 203 98 
0360.png 188 49 155 84 139 59 235 108 218 90 209 104 
0361.png 198 69 153 57 152 85 248 101 222 111 224 94 
0362.png 203 89 169 54 153 79 258 102 233 110 234 93 
0363.png 204 90 174 59 156 82 270 101 245 110 245 94 
0364.png 213 98 180 66 164 90 280 96 254 105 256 89 
0365.png 217 103 170 89 170 117 292 82 271 102 263 90 
0366.png 225 103 180 90 179 119 290 76 285 99 268 91 
0367.png 234 103 191 121 191 90 293 66 289 89 272 80 
0368.png 254 103 205 116 205 88 298 56 296 80 278 69 
0369.png 262 82 227 117 212 91 307 42 299 68 285 59 
0370.png 265 81 216 90 233 116 289 39 297 62 279 62 
0371.png 269 83 222 90 240 118 275 41 297 56 279 64 
0372.png 277 79 246 115 231 87 270 37 291 52 275 61 
0373.png 286 76 254 110 239 84 265 39 281 56 290 42 
0374.png 293 73 261 108 245 82 251 47 277 38 276 55 
0375.png 311 67 278 101 262 76 241 47 266 39 265 54 
0376.png 316 65 284 99 268 73 228 46 252 53 253 38 
0377.png 277 77 316 47 305 93 217 46 241 38 241 54 
0378.png 275 74 312 45 306 87 205 46 229 53 230 37 
0379.png 280 73 311 83 295 38 192 45 216 37 216 54 
0380.png 278 39 365 102 287 78 177 47 204 38 204 53 
0381.png 264 46 294 77 312 51 163 47 190 36 189 53 
0382.png 252 51 298 64 299 35 150 47 178 54 179 37 
0383.png 227 49 272 62 274 34 140 46 165 38 165 54 
0384.png 197 50 247 35 247 63 125 43 151 34 151 50 
0385.png 177 51 222 34 222 63 114 45 139 38 138 54 
0386.png 147 48 196 34 196 63 100 46 126 39 125 54 
0387.png 139 46 189 61 191 33 96 55 113 36 122 51 
0388.png 137 47 183 63 185 31 92 66 96 42 111 52 
0389.png 134 47 179 61 179 30 83 77 89 53 104 61 
0390.png 121 47 168 61 170 30 83 85 72 63 92 63 
0391.png 116 46 160 62 163 32 83 96 75 73 93 74 
0392.png 109 47 154 60 155 32 85 105 75 82 94 83 
0393.png 102 60 145 53 128 26 97 105 71 99 80 86 
0394.png 93 63 140 56 124 29 108 111 92 93 82 107 
0395.png 88 68 118 33 136 60 119 119 101 101 91 115 
0396.png 84 76 121 48 92 32 129 129 101 123 111 111 
0397.png 93 84 109 43 74 42 141 141 113 136 124 124 
0398.png 93 91 110 49 77 50 153 149 136 132 126 145 
0399.png 93 97 110 57 76 57 168 160 136 155 146 142 
0400.png 119 111 110 64 84 77 175 165 147 160 156 148 
0401.png 138 128 128 81 101 94 186 175 169 158 160 171 
0402.png 157 147 145 98 118 110 196 184 171 181 180 167 
0403.png 171 153 153 105 121 118 187 191 195 171 176 169 
0404.png 170 153 165 111 134 127 167 194 172 170 188 178 
0405.png 180 162 169 121 141 135 153 204 174 187 160 178 
0406.png 188 175 149 146 178 132 144 202 160 184 169 199 
0407.png 173 180 190 141 157 141 131 205 148 185 157 201 
0408.png 164 181 173 138 201 154 131 205 148 185 157 201 
0409.png 162 187 170 145 200 161 120 197 144 207 144 190 
0410.png 155 195 194 166 165 151 105 199 131 190 130 206 
0411.png 137 189 171 156 187 183 92 198 118 190 118 206 
0412.png 137 196 169 162 184 189 81 197 105 187 105 204 
0413.png 136 198 183 181 182 209 73 184 101 190 91 203 
0414.png 128 196 174 179 175 209 64 179 79 196 89 182 
0415.png 118 193 162 179 162 209 48 171 76 174 66 189 
0416.png 110 194 156 178 153 208 47 159 49 181 65 172 
0417.png 98 193 148 208 147 179 40 171 56 172 48 149 
0418.png 97 192 140 207 141 177 49 140 59 162 41 162 
0419.png 83 191 131 203 132 175 50 129 59 153 41 152 
0420.png 78 189 124 201 126 172 64 132 60 155 44 147 
0421.png 65 190 111 203 111 174 74 128 70 152 54 143 
0422.png 55 187 100 200 103 170 78 129 74 152 59 143 
0423.png 50 168 80 200 98 174 94 110 74 128 90 136 
0424.png 52 159 89 187 60 202 115 106 94 125 87 111 
0425.png 61 150 43 192 77 193 124 100 107 119 98 104 
0426.png 60 142 43 183 77 183 133 96 115 114 108 100 
0427.png 61 136 78 177 43 177 149 99 122 109 123 92 
0428.png 60 127 43 168 78 168 158 99 133 107 136 91 
0429.png 60 120 79 162 44 162 172 99 149 106 149 89 
0430.png 60 115 42 156 76 156 183 99 160 107 160 90 
0431.png 60 107 73 140 43 150 196 98 171 90 171 107 
0432.png 60 100 77 142 43 142 206 97 182 106 182 90 
0433.png 60 92 43 133 77 133 215 97 191 107 193 90 
0434.png 78 91 41 120 70 136 230 98 204 107 204 89 
0435.png 97 94 48 104 63 128 241 99 215 107 217 90 
0436.png 97 94 48 104 63 128 253 100 229 108 230 92 
0437.png 91 105 44 118 44 90 260 108 232 104 244 90 
0438.png 100 105 55 91 54 121 272 115 245 110 254 97 
0439.png 112 106 66 91 65 121 285 121 267 103 258 117 
0440.png 121 106 78 92 76 120 297 130 280 111 270 126 
0441.png 134 107 87 91 87 121 312 135 283 132 294 118 
0442.png 143 106 98 122 98 92 322 139 304 120 294 134 
0443.png 155 107 108 123 109 92 327 145 306 130 323 122 
0444.png 165 107 120 93 119 122 323 146 314 124 333 126 
0445.png 179 106 130 124 132 95 323 146 314 124 333 126 
0446.png 189 109 141 123 141 93 325 158 315 137 334 136 
0447.png 197 109 152 123 152 93 325 158 315 137 334 136 
0448.png 210 108 162 124 163 94 325 164 333 141 315 140 
0449.png 218 109 173 125 174 94 325 164 333 141 315 140 
0450.png 226 109 184 125 184 93 326 169 333 147 315 146 
0451.png 240 111 195 126 195 94 326 169 333 147 315 146 
0452.png 252 110 206 95 206 126 324 178 315 155 335 156 
0453.png 263 111 217 96 216 125 315 182 334 166 321 156 
0454.png 275 111 227 125 228 96 306 182 331 177 324 164 
0455.png 285 111 238 96 238 128 298 182 315 164 323 179 
0456.png 294 111 249 97 249 127 287 184 305 166 314 180 
0457.png 306 112 260 97 260 127 275 189 301 185 294 169 
0458.png 318 113 271 97 272 127 270 187 294 179 295 194 
0459.png 325 128 296 95 277 123 255 186 279 179 280 195 
0460.png 331 144 322 100 293 114 251 177 267 194 278 180 
0461.png 321 156 335 114 303 114 248 168 269 184 252 193 
0462.png 324 163 334 123 306 123 243 160 263 176 248 184 
0463.png 326 172 312 134 337 135 252 155 261 177 241 179 
0464.png 325 177 335 140 316 143 261 151 256 173 240 165 
0465.png 315 146 335 143 325 186 265 151 247 171 240 156 
0466.png 307 186 322 174 312 171 316 157 309 177 253 153 
0467.png 294 186 334 177 311 171 270 155 263 157 253 152 
0468.png 282 175 299 179 289 174 297 172 278 164 319 167 
0469.png 275 176 313 183 291 172 311 167 316 166 316 168 
0470.png 268 175 323 189 289 170 302 167 237 182 241 149 
0471.png 265 175 324 189 287 170 266 157 239 165 241 149 
0472.png 263 176 305 191 308 159 266 157 239 165 241 149 
0473.png 263 176 305 191 308 159 266 157 239 165 241 149 
0474.png 263 176 305 191 308 159 266 157 239 165 241 149 
0475.png 263 176 305 191 308 159 266 157 239 165 241 149 
0476.png 263 176 305 191 308 159 265 156 240 165 242 149 
