[[1], 
[2], 
[3], 
[4], 
[5], 
[6], 
[7], 
[8], 
[9], 
[10], 
[11], 
[12], 
[13], 
[14], 
[15], 
[16], 
[17], 
[18], 
[19], 
[20], 
[21], 
[22], 
[23], 
[24], 
[25], 
[26], 
[27], 
[28], 
[29], 
[30], 
[31], 
[32], 
[33], 
[34], 
[35], 
[36], 
[37], 
[38], 
[39], 
[40], 
[41], 
[42], 
[43], 
[44], 
[45], 
[40, 43 ],
[38, 40, 43 ],
[1, 38, 40, 43 ],
[2, 1, 38, 40, 43 ],
[37, 2, 1, 38, 40, 43 ],
[4, 37, 2, 1, 38, 40, 43 ],
[5, 4, 37, 2, 1, 38, 40, 43 ],
[36, 5, 4, 37, 2, 1, 38, 40, 43 ],
[34, 36, 5, 4, 37, 2, 1, 38, 40, 43 ],
[8, 34, 36, 5, 4, 37, 2, 1, 38, 40, 43 ],
[9, 8, 34, 36, 5, 4, 37, 2, 1, 38, 40, 43 ],
[10, 9, 8, 34, 36, 5, 4, 37, 2, 1, 38, 40, 43 ],
[11, 10, 9, 8, 34, 36, 5, 4, 37, 2, 1, 38, 40, 43 ],
[12, 11, 10, 9, 8, 34, 36, 5, 4, 37, 2, 1, 38, 40, 43 ],
[13, 12, 11, 10, 9, 8, 34, 36, 5, 4, 37, 2, 1, 38, 40, 43 ],
[33, 13, 12, 11, 10, 9, 8, 34, 36, 5, 4, 37, 2, 1, 38, 40, 43 ],
[15, 33, 13, 12, 11, 10, 9, 8, 34, 36, 5, 4, 37, 2, 1, 38, 40, 43 ],
[16, 15, 33, 13, 12, 11, 10, 9, 8, 34, 36, 5, 4, 37, 2, 1, 38, 40, 43 ],
[31, 16, 15, 33, 13, 12, 11, 10, 9, 8, 34, 36, 5, 4, 37, 2, 1, 38, 40, 43 ],
[18, 31, 16, 15, 33, 13, 12, 11, 10, 9, 8, 34, 36, 5, 4, 37, 2, 1, 38, 40, 43 ],
[30, 18, 31, 16, 15, 33, 13, 12, 11, 10, 9, 8, 34, 36, 5, 4, 37, 2, 1, 38, 40, 43 ],
[29, 30, 18, 31, 16, 15, 33, 13, 12, 11, 10, 9, 8, 34, 36, 5, 4, 37, 2, 1, 38, 40, 43 ],
[21, 29, 30, 18, 31, 16, 15, 33, 13, 12, 11, 10, 9, 8, 34, 36, 5, 4, 37, 2, 1, 38, 40, 43 ],
[22, 21, 29, 30, 18, 31, 16, 15, 33, 13, 12, 11, 10, 9, 8, 34, 36, 5, 4, 37, 2, 1, 38, 40, 43 ],
[28, 22, 21, 29, 30, 18, 31, 16, 15, 33, 13, 12, 11, 10, 9, 8, 34, 36, 5, 4, 37, 2, 1, 38, 40, 43 ],
[27, 28, 22, 21, 29, 30, 18, 31, 16, 15, 33, 13, 12, 11, 10, 9, 8, 34, 36, 5, 4, 37, 2, 1, 38, 40, 43 ],
[25, 27, 28, 22, 21, 29, 30, 18, 31, 16, 15, 33, 13, 12, 11, 10, 9, 8, 34, 36, 5, 4, 37, 2, 1, 38, 40, 43 ],
[39, 42 ],
[3, 39, 42 ],
[26, 3, 39, 42 ],
[24, 26, 3, 39, 42 ],
[23, 24, 26, 3, 39, 42 ],
[19, 23, 24, 26, 3, 39, 42 ],
[32, 19, 23, 24, 26, 3, 39, 42 ],
[20, 32, 19, 23, 24, 26, 3, 39, 42 ],
[6, 20, 32, 19, 23, 24, 26, 3, 39, 42 ],
[35, 6, 20, 32, 19, 23, 24, 26, 3, 39, 42 ],
[14, 35, 6, 20, 32, 19, 23, 24, 26, 3, 39, 42 ],
[17, 41 ],
[7, 17, 41 ],
[25, 27, 28, 22, 21, 29, 30, 18, 31, 16, 15, 33, 13, 12, 11, 10, 9, 8, 34, 36, 5, 4, 37, 2, 1, 38, 40, 43, 14, 35, 6, 20, 32, 19, 23, 24, 26, 3, 39, 42 ],
[7, 17, 41, 25, 27, 28, 22, 21, 29, 30, 18, 31, 16, 15, 33, 13, 12, 11, 10, 9, 8, 34, 36, 5, 4, 37, 2, 1, 38, 40, 43, 14, 35, 6, 20, 32, 19, 23, 24, 26, 3, 39, 42 ],
[44, 7, 17, 41, 25, 27, 28, 22, 21, 29, 30, 18, 31, 16, 15, 33, 13, 12, 11, 10, 9, 8, 34, 36, 5, 4, 37, 2, 1, 38, 40, 43, 14, 35, 6, 20, 32, 19, 23, 24, 26, 3, 39, 42 ],
[45, 44, 7, 17, 41, 25, 27, 28, 22, 21, 29, 30, 18, 31, 16, 15, 33, 13, 12, 11, 10, 9, 8, 34, 36, 5, 4, 37, 2, 1, 38, 40, 43, 14, 35, 6, 20, 32, 19, 23, 24, 26, 3, 39, 42 ]
]