[[1], 
[2], 
[3], 
[4], 
[5], 
[6], 
[7], 
[8], 
[9], 
[10], 
[11], 
[12], 
[13], 
[14], 
[15], 
[16], 
[17], 
[18], 
[19], 
[20], 
[21], 
[22], 
[23], 
[24], 
[25], 
[26], 
[27], 
[28], 
[29], 
[30], 
[31], 
[32], 
[33], 
[34], 
[35], 
[36], 
[37], 
[38], 
[39], 
[40], 
[41], 
[42], 
[43], 
[44], 
[45], 
[46], 
[47], 
[48], 
[49], 
[50], 
[51], 
[52], 
[53], 
[54], 
[55], 
[56], 
[57], 
[58], 
[59], 
[60], 
[54, 58 ],
[51, 54, 58 ],
[1, 51, 54, 58 ],
[50, 1, 51, 54, 58 ],
[3, 50, 1, 51, 54, 58 ],
[49, 3, 50, 1, 51, 54, 58 ],
[45, 49, 3, 50, 1, 51, 54, 58 ],
[6, 45, 49, 3, 50, 1, 51, 54, 58 ],
[42, 6, 45, 49, 3, 50, 1, 51, 54, 58 ],
[8, 42, 6, 45, 49, 3, 50, 1, 51, 54, 58 ],
[32, 8, 42, 6, 45, 49, 3, 50, 1, 51, 54, 58 ],
[29, 32, 8, 42, 6, 45, 49, 3, 50, 1, 51, 54, 58 ],
[28, 29, 32, 8, 42, 6, 45, 49, 3, 50, 1, 51, 54, 58 ],
[27, 28, 29, 32, 8, 42, 6, 45, 49, 3, 50, 1, 51, 54, 58 ],
[13, 27, 28, 29, 32, 8, 42, 6, 45, 49, 3, 50, 1, 51, 54, 58 ],
[14, 13, 27, 28, 29, 32, 8, 42, 6, 45, 49, 3, 50, 1, 51, 54, 58 ],
[22, 14, 13, 27, 28, 29, 32, 8, 42, 6, 45, 49, 3, 50, 1, 51, 54, 58 ],
[20, 22, 14, 13, 27, 28, 29, 32, 8, 42, 6, 45, 49, 3, 50, 1, 51, 54, 58 ],
[56, 57 ],
[55, 56, 57 ],
[5, 55, 56, 57 ],
[18, 5, 55, 56, 57 ],
[52, 18, 5, 55, 56, 57 ],
[2, 52, 18, 5, 55, 56, 57 ],
[4, 2, 52, 18, 5, 55, 56, 57 ],
[24, 4, 2, 52, 18, 5, 55, 56, 57 ],
[10, 24, 4, 2, 52, 18, 5, 55, 56, 57 ],
[26, 10, 24, 4, 2, 52, 18, 5, 55, 56, 57 ],
[16, 26, 10, 24, 4, 2, 52, 18, 5, 55, 56, 57 ],
[15, 16, 26, 10, 24, 4, 2, 52, 18, 5, 55, 56, 57 ],
[12, 15, 16, 26, 10, 24, 4, 2, 52, 18, 5, 55, 56, 57 ],
[30, 12, 15, 16, 26, 10, 24, 4, 2, 52, 18, 5, 55, 56, 57 ],
[31, 30, 12, 15, 16, 26, 10, 24, 4, 2, 52, 18, 5, 55, 56, 57 ],
[11, 31, 30, 12, 15, 16, 26, 10, 24, 4, 2, 52, 18, 5, 55, 56, 57 ],
[33, 11, 31, 30, 12, 15, 16, 26, 10, 24, 4, 2, 52, 18, 5, 55, 56, 57 ],
[34, 33, 11, 31, 30, 12, 15, 16, 26, 10, 24, 4, 2, 52, 18, 5, 55, 56, 57 ],
[35, 34, 33, 11, 31, 30, 12, 15, 16, 26, 10, 24, 4, 2, 52, 18, 5, 55, 56, 57 ],
[36, 35, 34, 33, 11, 31, 30, 12, 15, 16, 26, 10, 24, 4, 2, 52, 18, 5, 55, 56, 57 ],
[37, 36, 35, 34, 33, 11, 31, 30, 12, 15, 16, 26, 10, 24, 4, 2, 52, 18, 5, 55, 56, 57 ],
[38, 37, 36, 35, 34, 33, 11, 31, 30, 12, 15, 16, 26, 10, 24, 4, 2, 52, 18, 5, 55, 56, 57 ],
[39, 38, 37, 36, 35, 34, 33, 11, 31, 30, 12, 15, 16, 26, 10, 24, 4, 2, 52, 18, 5, 55, 56, 57 ],
[40, 39, 38, 37, 36, 35, 34, 33, 11, 31, 30, 12, 15, 16, 26, 10, 24, 4, 2, 52, 18, 5, 55, 56, 57 ],
[41, 40, 39, 38, 37, 36, 35, 34, 33, 11, 31, 30, 12, 15, 16, 26, 10, 24, 4, 2, 52, 18, 5, 55, 56, 57 ],
[9, 41, 40, 39, 38, 37, 36, 35, 34, 33, 11, 31, 30, 12, 15, 16, 26, 10, 24, 4, 2, 52, 18, 5, 55, 56, 57 ],
[43, 9, 41, 40, 39, 38, 37, 36, 35, 34, 33, 11, 31, 30, 12, 15, 16, 26, 10, 24, 4, 2, 52, 18, 5, 55, 56, 57 ],
[44, 43, 9, 41, 40, 39, 38, 37, 36, 35, 34, 33, 11, 31, 30, 12, 15, 16, 26, 10, 24, 4, 2, 52, 18, 5, 55, 56, 57 ],
[7, 44, 43, 9, 41, 40, 39, 38, 37, 36, 35, 34, 33, 11, 31, 30, 12, 15, 16, 26, 10, 24, 4, 2, 52, 18, 5, 55, 56, 57 ],
[46, 7, 44, 43, 9, 41, 40, 39, 38, 37, 36, 35, 34, 33, 11, 31, 30, 12, 15, 16, 26, 10, 24, 4, 2, 52, 18, 5, 55, 56, 57 ],
[47, 46, 7, 44, 43, 9, 41, 40, 39, 38, 37, 36, 35, 34, 33, 11, 31, 30, 12, 15, 16, 26, 10, 24, 4, 2, 52, 18, 5, 55, 56, 57 ],
[48, 47, 46, 7, 44, 43, 9, 41, 40, 39, 38, 37, 36, 35, 34, 33, 11, 31, 30, 12, 15, 16, 26, 10, 24, 4, 2, 52, 18, 5, 55, 56, 57 ],
[19, 53 ],
[17, 19, 53 ],
[21, 17, 19, 53 ],
[23, 21, 17, 19, 53 ],
[25, 23, 21, 17, 19, 53 ],
[20, 22, 14, 13, 27, 28, 29, 32, 8, 42, 6, 45, 49, 3, 50, 1, 51, 54, 58, 48, 47, 46, 7, 44, 43, 9, 41, 40, 39, 38, 37, 36, 35, 34, 33, 11, 31, 30, 12, 15, 16, 26, 10, 24, 4, 2, 52, 18, 5, 55, 56, 57 ],
[25, 23, 21, 17, 19, 53, 20, 22, 14, 13, 27, 28, 29, 32, 8, 42, 6, 45, 49, 3, 50, 1, 51, 54, 58, 48, 47, 46, 7, 44, 43, 9, 41, 40, 39, 38, 37, 36, 35, 34, 33, 11, 31, 30, 12, 15, 16, 26, 10, 24, 4, 2, 52, 18, 5, 55, 56, 57 ],
[59, 25, 23, 21, 17, 19, 53, 20, 22, 14, 13, 27, 28, 29, 32, 8, 42, 6, 45, 49, 3, 50, 1, 51, 54, 58, 48, 47, 46, 7, 44, 43, 9, 41, 40, 39, 38, 37, 36, 35, 34, 33, 11, 31, 30, 12, 15, 16, 26, 10, 24, 4, 2, 52, 18, 5, 55, 56, 57 ],
[60, 59, 25, 23, 21, 17, 19, 53, 20, 22, 14, 13, 27, 28, 29, 32, 8, 42, 6, 45, 49, 3, 50, 1, 51, 54, 58, 48, 47, 46, 7, 44, 43, 9, 41, 40, 39, 38, 37, 36, 35, 34, 33, 11, 31, 30, 12, 15, 16, 26, 10, 24, 4, 2, 52, 18, 5, 55, 56, 57 ]
]