[[1], 
[2], 
[3], 
[4], 
[5], 
[6], 
[7], 
[8], 
[9], 
[10], 
[11], 
[12], 
[13], 
[14], 
[15], 
[16], 
[17], 
[18], 
[19], 
[20], 
[21], 
[22], 
[23], 
[24], 
[25], 
[26], 
[27], 
[28], 
[29], 
[30], 
[31], 
[32], 
[33], 
[34], 
[35], 
[36], 
[37], 
[38], 
[39], 
[40], 
[41], 
[42], 
[43], 
[44], 
[45], 
[46], 
[47], 
[48], 
[49], 
[50], 
[51], 
[52], 
[53], 
[54], 
[55], 
[56], 
[57], 
[58], 
[49, 50 ],
[27, 33 ],
[21, 43 ],
[3, 57 ],
[7, 16 ],
[20, 35 ],
[4, 28 ],
[29, 32 ],
[45, 47 ],
[23, 46 ],
[5, 14 ],
[11, 17 ],
[30, 55 ],
[2, 42 ],
[22, 40 ],
[12, 41 ],
[31, 36 ],
[38, 52 ],
[18, 44 ],
[8, 15 ],
[37, 54 ],
[13, 27, 33 ],
[19, 39 ],
[48, 53 ],
[6, 11, 17 ],
[58, 7, 16 ],
[34, 2, 42 ],
[51, 56 ],
[26, 29, 32 ],
[49, 50, 4, 28 ],
[23, 46, 12, 41 ],
[8, 15, 58, 7, 16 ],
[49, 50, 4, 28, 23, 46, 12, 41 ],
[30, 55, 6, 11, 17 ],
[5, 14, 8, 15, 58, 7, 16 ],
[31, 36, 13, 27, 33 ],
[18, 44, 30, 55, 6, 11, 17 ],
[9, 10 ],
[3, 57, 49, 50, 4, 28, 23, 46, 12, 41 ],
[38, 52, 51, 56 ],
[24, 21, 43 ],
[22, 40, 37, 54 ],
[26, 29, 32, 5, 14, 8, 15, 58, 7, 16 ],
[19, 39, 22, 40, 37, 54 ],
[34, 2, 42, 26, 29, 32, 5, 14, 8, 15, 58, 7, 16 ],
[20, 35, 18, 44, 30, 55, 6, 11, 17 ],
[45, 47, 48, 53 ],
[31, 36, 13, 27, 33, 20, 35, 18, 44, 30, 55, 6, 11, 17 ],
[38, 52, 51, 56, 19, 39, 22, 40, 37, 54 ],
[25, 24, 21, 43 ],
[38, 52, 51, 56, 19, 39, 22, 40, 37, 54, 25, 24, 21, 43 ],
[34, 2, 42, 26, 29, 32, 5, 14, 8, 15, 58, 7, 16, 31, 36, 13, 27, 33, 20, 35, 18, 44, 30, 55, 6, 11, 17 ],
[3, 57, 49, 50, 4, 28, 23, 46, 12, 41, 34, 2, 42, 26, 29, 32, 5, 14, 8, 15, 58, 7, 16, 31, 36, 13, 27, 33, 20, 35, 18, 44, 30, 55, 6, 11, 17 ],
[45, 47, 48, 53, 38, 52, 51, 56, 19, 39, 22, 40, 37, 54, 25, 24, 21, 43 ],
[1, 9, 10 ],
[3, 57, 49, 50, 4, 28, 23, 46, 12, 41, 34, 2, 42, 26, 29, 32, 5, 14, 8, 15, 58, 7, 16, 31, 36, 13, 27, 33, 20, 35, 18, 44, 30, 55, 6, 11, 17, 45, 47, 48, 53, 38, 52, 51, 56, 19, 39, 22, 40, 37, 54, 25, 24, 21, 43 ],
[1, 9, 10, 3, 57, 49, 50, 4, 28, 23, 46, 12, 41, 34, 2, 42, 26, 29, 32, 5, 14, 8, 15, 58, 7, 16, 31, 36, 13, 27, 33, 20, 35, 18, 44, 30, 55, 6, 11, 17, 45, 47, 48, 53, 38, 52, 51, 56, 19, 39, 22, 40, 37, 54, 25, 24, 21, 43 ]
]